"trial_type","trial_index","time_elapsed","internal_node_id","subject_id","task","startTime","totalTime","fairMachine","unfairMachine","view_history","rt","event","trial","time","trialtype","success","stimulus","key_press","roundsLeft","chosen","pFairMachWin","pUnfairMachWin","pTrialWin","outcome","animation_sequence","responses","numBlurs"
"pavlovia","0","2","0.0-0.0","63b6cc23f13731158517f900","bdp_lott","Tue Apr 11 2023 00:49:57 GMT-0600 (Mountain Daylight Time)","362375","green","red","","","","","","","","","","","","","","","","","",""
"instructions","1","15504","0.0-1.0","63b6cc23f13731158517f900","bdp_lott","Tue Apr 11 2023 00:49:57 GMT-0600 (Mountain Daylight Time)","362375","green","red","[{""page_index"":0,""viewing_time"":15501}]","15501","","","","","","","","","","","","","","","",""
"","","","","63b6cc23f13731158517f900","bdp_lott","Tue Apr 11 2023 00:49:57 GMT-0600 (Mountain Daylight Time)","362375","green","red","","","fullscreenenter","2","19118","fullscreenenter","","","","","","","","","","","",""
"fullscreen","2","20096","0.0-2.0","63b6cc23f13731158517f900","bdp_lott","Tue Apr 11 2023 00:49:57 GMT-0600 (Mountain Daylight Time)","362375","green","red","","","","","","","true","","","","","","","","","","",""
"instructions","3","54000","0.0-4.0","63b6cc23f13731158517f900","bdp_lott","Tue Apr 11 2023 00:49:57 GMT-0600 (Mountain Daylight Time)","362375","green","red","[{""page_index"":0,""viewing_time"":33903}]","33903","","","","","","","","","","","","","","","",""
"image-keyboard-response","4","55939","0.0-5.0-1.0","63b6cc23f13731158517f900","bdp_lott","Tue Apr 11 2023 00:49:57 GMT-0600 (Mountain Daylight Time)","362375","green","red","","1938","","","","choice","","img/red_ll/initchoose11.jpg","2","225","red","0.5","0.5","0.5","l","","",""
"animation","5","56540","0.0-5.0-2.0","63b6cc23f13731158517f900","bdp_lott","Tue Apr 11 2023 00:49:57 GMT-0600 (Mountain Daylight Time)","362375","green","red","","","","","","","","","","225","","","","","","[{""stimulus"":""img/red_ll/1.jpg"",""time"":50},{""stimulus"":""img/red_ll/2.jpg"",""time"":100},{""stimulus"":""img/red_ll/3.jpg"",""time"":150},{""stimulus"":""img/red_ll/4.jpg"",""time"":200},{""stimulus"":""img/red_ll/5.jpg"",""time"":250},{""stimulus"":""img/red_ll/6.jpg"",""time"":300},{""stimulus"":""img/red_ll/7.jpg"",""time"":350},{""stimulus"":""img/red_ll/8.jpg"",""time"":400},{""stimulus"":""img/red_ll/9.jpg"",""time"":450},{""stimulus"":""img/red_ll/10.jpg"",""time"":503},{""stimulus"":""img/red_ll/11.jpg"",""time"":550}]","[]",""
"image-keyboard-response","6","57918","0.0-5.0-1.1","63b6cc23f13731158517f900","bdp_lott","Tue Apr 11 2023 00:49:57 GMT-0600 (Mountain Daylight Time)","362375","green","red","","1378","","","","choice","","img/red_ll/choose11.jpg","1","224","green","0.5","0.5","0.5","w","","",""
"animation","7","58533","0.0-5.0-2.1","63b6cc23f13731158517f900","bdp_lott","Tue Apr 11 2023 00:49:57 GMT-0600 (Mountain Daylight Time)","362375","green","red","","","","","","","","","","224","","","","","","[{""stimulus"":""img/green_wl/1.jpg"",""time"":60},{""stimulus"":""img/green_wl/2.jpg"",""time"":106},{""stimulus"":""img/green_wl/3.jpg"",""time"":152},{""stimulus"":""img/green_wl/4.jpg"",""time"":213},{""stimulus"":""img/green_wl/5.jpg"",""time"":259},{""stimulus"":""img/green_wl/6.jpg"",""time"":306},{""stimulus"":""img/green_wl/7.jpg"",""time"":367},{""stimulus"":""img/green_wl/8.jpg"",""time"":405},{""stimulus"":""img/green_wl/9.jpg"",""time"":455},{""stimulus"":""img/green_wl/10.jpg"",""time"":505},{""stimulus"":""img/green_wl/11.jpg"",""time"":554}]","[]",""
"image-keyboard-response","8","59812","0.0-5.0-1.2","63b6cc23f13731158517f900","bdp_lott","Tue Apr 11 2023 00:49:57 GMT-0600 (Mountain Daylight Time)","362375","green","red","","1278","","","","choice","","img/green_wl/choose11.jpg","1","223","green","0.5","0.5","0.5","l","","",""
"animation","9","60425","0.0-5.0-2.2","63b6cc23f13731158517f900","bdp_lott","Tue Apr 11 2023 00:49:57 GMT-0600 (Mountain Daylight Time)","362375","green","red","","","","","","","","","","223","","","","","","[{""stimulus"":""img/green_ll/1.jpg"",""time"":50},{""stimulus"":""img/green_ll/2.jpg"",""time"":101},{""stimulus"":""img/green_ll/3.jpg"",""time"":162},{""stimulus"":""img/green_ll/4.jpg"",""time"":200},{""stimulus"":""img/green_ll/5.jpg"",""time"":255},{""stimulus"":""img/green_ll/6.jpg"",""time"":300},{""stimulus"":""img/green_ll/7.jpg"",""time"":350},{""stimulus"":""img/green_ll/8.jpg"",""time"":400},{""stimulus"":""img/green_ll/9.jpg"",""time"":457},{""stimulus"":""img/green_ll/10.jpg"",""time"":500},{""stimulus"":""img/green_ll/11.jpg"",""time"":550}]","[]",""
"image-keyboard-response","10","61773","0.0-5.0-1.3","63b6cc23f13731158517f900","bdp_lott","Tue Apr 11 2023 00:49:57 GMT-0600 (Mountain Daylight Time)","362375","green","red","","1348","","","","choice","","img/green_ll/choose11.jpg","2","222","red","0.5","0.5","0.5","w","","",""
"animation","11","62373","0.0-5.0-2.3","63b6cc23f13731158517f900","bdp_lott","Tue Apr 11 2023 00:49:57 GMT-0600 (Mountain Daylight Time)","362375","green","red","","","","","","","","","","222","","","","","","[{""stimulus"":""img/red_lw/1.jpg"",""time"":61},{""stimulus"":""img/red_lw/2.jpg"",""time"":108},{""stimulus"":""img/red_lw/3.jpg"",""time"":154},{""stimulus"":""img/red_lw/4.jpg"",""time"":200},{""stimulus"":""img/red_lw/5.jpg"",""time"":262},{""stimulus"":""img/red_lw/6.jpg"",""time"":309},{""stimulus"":""img/red_lw/7.jpg"",""time"":350},{""stimulus"":""img/red_lw/8.jpg"",""time"":400},{""stimulus"":""img/red_lw/9.jpg"",""time"":450},{""stimulus"":""img/red_lw/10.jpg"",""time"":500},{""stimulus"":""img/red_lw/11.jpg"",""time"":550}]","[]",""
"image-keyboard-response","12","64400","0.0-5.0-1.4","63b6cc23f13731158517f900","bdp_lott","Tue Apr 11 2023 00:49:57 GMT-0600 (Mountain Daylight Time)","362375","green","red","","2025","","","","choice","","img/red_lw/choose11.jpg","1","221","green","0.5","0.5","0.5","l","","",""
"animation","13","65000","0.0-5.0-2.4","63b6cc23f13731158517f900","bdp_lott","Tue Apr 11 2023 00:49:57 GMT-0600 (Mountain Daylight Time)","362375","green","red","","","","","","","","","","221","","","","","","[{""stimulus"":""img/green_lw/1.jpg"",""time"":50},{""stimulus"":""img/green_lw/2.jpg"",""time"":115},{""stimulus"":""img/green_lw/3.jpg"",""time"":150},{""stimulus"":""img/green_lw/4.jpg"",""time"":200},{""stimulus"":""img/green_lw/5.jpg"",""time"":250},{""stimulus"":""img/green_lw/6.jpg"",""time"":300},{""stimulus"":""img/green_lw/7.jpg"",""time"":350},{""stimulus"":""img/green_lw/8.jpg"",""time"":400},{""stimulus"":""img/green_lw/9.jpg"",""time"":450},{""stimulus"":""img/green_lw/10.jpg"",""time"":500},{""stimulus"":""img/green_lw/11.jpg"",""time"":550}]","[]",""
"image-keyboard-response","14","66088","0.0-5.0-1.5","63b6cc23f13731158517f900","bdp_lott","Tue Apr 11 2023 00:49:57 GMT-0600 (Mountain Daylight Time)","362375","green","red","","1088","","","","choice","","img/green_lw/choose11.jpg","1","220","green","0.5","0.5","0.5","l","","",""
"animation","15","66688","0.0-5.0-2.5","63b6cc23f13731158517f900","bdp_lott","Tue Apr 11 2023 00:49:57 GMT-0600 (Mountain Daylight Time)","362375","green","red","","","","","","","","","","220","","","","","","[{""stimulus"":""img/green_lw/1.jpg"",""time"":52},{""stimulus"":""img/green_lw/2.jpg"",""time"":100},{""stimulus"":""img/green_lw/3.jpg"",""time"":150},{""stimulus"":""img/green_lw/4.jpg"",""time"":200},{""stimulus"":""img/green_lw/5.jpg"",""time"":250},{""stimulus"":""img/green_lw/6.jpg"",""time"":301},{""stimulus"":""img/green_lw/7.jpg"",""time"":350},{""stimulus"":""img/green_lw/8.jpg"",""time"":400},{""stimulus"":""img/green_lw/9.jpg"",""time"":450},{""stimulus"":""img/green_lw/10.jpg"",""time"":500},{""stimulus"":""img/green_lw/11.jpg"",""time"":550}]","[]",""
"image-keyboard-response","16","67617","0.0-5.0-1.6","63b6cc23f13731158517f900","bdp_lott","Tue Apr 11 2023 00:49:57 GMT-0600 (Mountain Daylight Time)","362375","green","red","","928","","","","choice","","img/green_lw/choose11.jpg","2","219","red","0.5","0.5","0.5","l","","",""
"animation","17","68218","0.0-5.0-2.6","63b6cc23f13731158517f900","bdp_lott","Tue Apr 11 2023 00:49:57 GMT-0600 (Mountain Daylight Time)","362375","green","red","","","","","","","","","","219","","","","","","[{""stimulus"":""img/red_ll/1.jpg"",""time"":58},{""stimulus"":""img/red_ll/2.jpg"",""time"":104},{""stimulus"":""img/red_ll/3.jpg"",""time"":151},{""stimulus"":""img/red_ll/4.jpg"",""time"":201},{""stimulus"":""img/red_ll/5.jpg"",""time"":251},{""stimulus"":""img/red_ll/6.jpg"",""time"":301},{""stimulus"":""img/red_ll/7.jpg"",""time"":351},{""stimulus"":""img/red_ll/8.jpg"",""time"":401},{""stimulus"":""img/red_ll/9.jpg"",""time"":451},{""stimulus"":""img/red_ll/10.jpg"",""time"":507},{""stimulus"":""img/red_ll/11.jpg"",""time"":551}]","[]",""
"image-keyboard-response","18","69049","0.0-5.0-1.7","63b6cc23f13731158517f900","bdp_lott","Tue Apr 11 2023 00:49:57 GMT-0600 (Mountain Daylight Time)","362375","green","red","","831","","","","choice","","img/red_ll/choose11.jpg","2","218","red","0.5","0.5","0.5","l","","",""
"animation","19","69660","0.0-5.0-2.7","63b6cc23f13731158517f900","bdp_lott","Tue Apr 11 2023 00:49:57 GMT-0600 (Mountain Daylight Time)","362375","green","red","","","","","","","","","","218","","","","","","[{""stimulus"":""img/red_ll/1.jpg"",""time"":52},{""stimulus"":""img/red_ll/2.jpg"",""time"":101},{""stimulus"":""img/red_ll/3.jpg"",""time"":151},{""stimulus"":""img/red_ll/4.jpg"",""time"":201},{""stimulus"":""img/red_ll/5.jpg"",""time"":251},{""stimulus"":""img/red_ll/6.jpg"",""time"":315},{""stimulus"":""img/red_ll/7.jpg"",""time"":361},{""stimulus"":""img/red_ll/8.jpg"",""time"":408},{""stimulus"":""img/red_ll/9.jpg"",""time"":454},{""stimulus"":""img/red_ll/10.jpg"",""time"":501},{""stimulus"":""img/red_ll/11.jpg"",""time"":563}]","[]",""
"image-keyboard-response","20","70713","0.0-5.0-1.8","63b6cc23f13731158517f900","bdp_lott","Tue Apr 11 2023 00:49:57 GMT-0600 (Mountain Daylight Time)","362375","green","red","","1053","","","","choice","","img/red_ll/choose11.jpg","1","217","green","0.5","0.5","0.5","w","","",""
"animation","21","71314","0.0-5.0-2.8","63b6cc23f13731158517f900","bdp_lott","Tue Apr 11 2023 00:49:57 GMT-0600 (Mountain Daylight Time)","362375","green","red","","","","","","","","","","217","","","","","","[{""stimulus"":""img/green_wl/1.jpg"",""time"":51},{""stimulus"":""img/green_wl/2.jpg"",""time"":109},{""stimulus"":""img/green_wl/3.jpg"",""time"":151},{""stimulus"":""img/green_wl/4.jpg"",""time"":202},{""stimulus"":""img/green_wl/5.jpg"",""time"":264},{""stimulus"":""img/green_wl/6.jpg"",""time"":301},{""stimulus"":""img/green_wl/7.jpg"",""time"":351},{""stimulus"":""img/green_wl/8.jpg"",""time"":401},{""stimulus"":""img/green_wl/9.jpg"",""time"":451},{""stimulus"":""img/green_wl/10.jpg"",""time"":512},{""stimulus"":""img/green_wl/11.jpg"",""time"":551}]","[]",""
"image-keyboard-response","22","72970","0.0-5.0-1.9","63b6cc23f13731158517f900","bdp_lott","Tue Apr 11 2023 00:49:57 GMT-0600 (Mountain Daylight Time)","362375","green","red","","1656","","","","choice","","img/green_wl/choose11.jpg","2","216","red","0.5","0.5","0.5","l","","",""
"animation","23","73579","0.0-5.0-2.9","63b6cc23f13731158517f900","bdp_lott","Tue Apr 11 2023 00:49:57 GMT-0600 (Mountain Daylight Time)","362375","green","red","","","","","","","","","","216","","","","","","[{""stimulus"":""img/red_wl/1.jpg"",""time"":50},{""stimulus"":""img/red_wl/2.jpg"",""time"":112},{""stimulus"":""img/red_wl/3.jpg"",""time"":159},{""stimulus"":""img/red_wl/4.jpg"",""time"":206},{""stimulus"":""img/red_wl/5.jpg"",""time"":252},{""stimulus"":""img/red_wl/6.jpg"",""time"":314},{""stimulus"":""img/red_wl/7.jpg"",""time"":352},{""stimulus"":""img/red_wl/8.jpg"",""time"":402},{""stimulus"":""img/red_wl/9.jpg"",""time"":452},{""stimulus"":""img/red_wl/10.jpg"",""time"":501},{""stimulus"":""img/red_wl/11.jpg"",""time"":563}]","[]",""
"image-keyboard-response","24","74306","0.0-5.0-1.10","63b6cc23f13731158517f900","bdp_lott","Tue Apr 11 2023 00:49:57 GMT-0600 (Mountain Daylight Time)","362375","green","red","","726","","","","choice","","img/red_wl/choose11.jpg","2","215","red","0.5","0.5","0.5","w","","",""
"animation","25","74907","0.0-5.0-2.10","63b6cc23f13731158517f900","bdp_lott","Tue Apr 11 2023 00:49:57 GMT-0600 (Mountain Daylight Time)","362375","green","red","","","","","","","","","","215","","","","","","[{""stimulus"":""img/red_ww/1.jpg"",""time"":50},{""stimulus"":""img/red_ww/2.jpg"",""time"":108},{""stimulus"":""img/red_ww/3.jpg"",""time"":150},{""stimulus"":""img/red_ww/4.jpg"",""time"":200},{""stimulus"":""img/red_ww/5.jpg"",""time"":250},{""stimulus"":""img/red_ww/6.jpg"",""time"":300},{""stimulus"":""img/red_ww/7.jpg"",""time"":350},{""stimulus"":""img/red_ww/8.jpg"",""time"":400},{""stimulus"":""img/red_ww/9.jpg"",""time"":450},{""stimulus"":""img/red_ww/10.jpg"",""time"":512},{""stimulus"":""img/red_ww/11.jpg"",""time"":559}]","[]",""
"image-keyboard-response","26","77321","0.0-5.0-1.11","63b6cc23f13731158517f900","bdp_lott","Tue Apr 11 2023 00:49:57 GMT-0600 (Mountain Daylight Time)","362375","green","red","","2414","","","","choice","","img/red_ww/choose11.jpg","1","214","green","0.5","0.5","0.5","w","","",""
"animation","27","77922","0.0-5.0-2.11","63b6cc23f13731158517f900","bdp_lott","Tue Apr 11 2023 00:49:57 GMT-0600 (Mountain Daylight Time)","362375","green","red","","","","","","","","","","214","","","","","","[{""stimulus"":""img/green_ww/1.jpg"",""time"":50},{""stimulus"":""img/green_ww/2.jpg"",""time"":101},{""stimulus"":""img/green_ww/3.jpg"",""time"":151},{""stimulus"":""img/green_ww/4.jpg"",""time"":201},{""stimulus"":""img/green_ww/5.jpg"",""time"":251},{""stimulus"":""img/green_ww/6.jpg"",""time"":301},{""stimulus"":""img/green_ww/7.jpg"",""time"":350},{""stimulus"":""img/green_ww/8.jpg"",""time"":400},{""stimulus"":""img/green_ww/9.jpg"",""time"":450},{""stimulus"":""img/green_ww/10.jpg"",""time"":500},{""stimulus"":""img/green_ww/11.jpg"",""time"":550}]","[]",""
"image-keyboard-response","28","79233","0.0-5.0-1.12","63b6cc23f13731158517f900","bdp_lott","Tue Apr 11 2023 00:49:57 GMT-0600 (Mountain Daylight Time)","362375","green","red","","1311","","","","choice","","img/green_ww/choose11.jpg","1","213","green","0.5","0.5","0.5","w","","",""
"animation","29","79841","0.0-5.0-2.12","63b6cc23f13731158517f900","bdp_lott","Tue Apr 11 2023 00:49:57 GMT-0600 (Mountain Daylight Time)","362375","green","red","","","","","","","","","","213","","","","","","[{""stimulus"":""img/green_ww/1.jpg"",""time"":50},{""stimulus"":""img/green_ww/2.jpg"",""time"":100},{""stimulus"":""img/green_ww/3.jpg"",""time"":159},{""stimulus"":""img/green_ww/4.jpg"",""time"":205},{""stimulus"":""img/green_ww/5.jpg"",""time"":252},{""stimulus"":""img/green_ww/6.jpg"",""time"":314},{""stimulus"":""img/green_ww/7.jpg"",""time"":360},{""stimulus"":""img/green_ww/8.jpg"",""time"":407},{""stimulus"":""img/green_ww/9.jpg"",""time"":453},{""stimulus"":""img/green_ww/10.jpg"",""time"":500},{""stimulus"":""img/green_ww/11.jpg"",""time"":563}]","[]",""
"image-keyboard-response","30","81003","0.0-5.0-1.13","63b6cc23f13731158517f900","bdp_lott","Tue Apr 11 2023 00:49:57 GMT-0600 (Mountain Daylight Time)","362375","green","red","","1161","","","","choice","","img/green_ww/choose11.jpg","1","212","green","0.5","0.5","0.5","w","","",""
"animation","31","81604","0.0-5.0-2.13","63b6cc23f13731158517f900","bdp_lott","Tue Apr 11 2023 00:49:57 GMT-0600 (Mountain Daylight Time)","362375","green","red","","","","","","","","","","212","","","","","","[{""stimulus"":""img/green_ww/1.jpg"",""time"":64},{""stimulus"":""img/green_ww/2.jpg"",""time"":101},{""stimulus"":""img/green_ww/3.jpg"",""time"":152},{""stimulus"":""img/green_ww/4.jpg"",""time"":201},{""stimulus"":""img/green_ww/5.jpg"",""time"":251},{""stimulus"":""img/green_ww/6.jpg"",""time"":301},{""stimulus"":""img/green_ww/7.jpg"",""time"":351},{""stimulus"":""img/green_ww/8.jpg"",""time"":401},{""stimulus"":""img/green_ww/9.jpg"",""time"":451},{""stimulus"":""img/green_ww/10.jpg"",""time"":513},{""stimulus"":""img/green_ww/11.jpg"",""time"":551}]","[]",""
"image-keyboard-response","32","82619","0.0-5.0-1.14","63b6cc23f13731158517f900","bdp_lott","Tue Apr 11 2023 00:49:57 GMT-0600 (Mountain Daylight Time)","362375","green","red","","1015","","","","choice","","img/green_ww/choose11.jpg","1","211","green","0.5","0.5","0.5","l","","",""
"animation","33","83221","0.0-5.0-2.14","63b6cc23f13731158517f900","bdp_lott","Tue Apr 11 2023 00:49:57 GMT-0600 (Mountain Daylight Time)","362375","green","red","","","","","","","","","","211","","","","","","[{""stimulus"":""img/green_lw/1.jpg"",""time"":60},{""stimulus"":""img/green_lw/2.jpg"",""time"":106},{""stimulus"":""img/green_lw/3.jpg"",""time"":152},{""stimulus"":""img/green_lw/4.jpg"",""time"":215},{""stimulus"":""img/green_lw/5.jpg"",""time"":261},{""stimulus"":""img/green_lw/6.jpg"",""time"":308},{""stimulus"":""img/green_lw/7.jpg"",""time"":354},{""stimulus"":""img/green_lw/8.jpg"",""time"":401},{""stimulus"":""img/green_lw/9.jpg"",""time"":463},{""stimulus"":""img/green_lw/10.jpg"",""time"":509},{""stimulus"":""img/green_lw/11.jpg"",""time"":556}]","[]",""
"image-keyboard-response","34","83905","0.0-5.0-1.15","63b6cc23f13731158517f900","bdp_lott","Tue Apr 11 2023 00:49:57 GMT-0600 (Mountain Daylight Time)","362375","green","red","","684","","","","choice","","img/green_lw/choose11.jpg","2","210","red","0.5","0.5","0.5","l","","",""
"animation","35","84505","0.0-5.0-2.15","63b6cc23f13731158517f900","bdp_lott","Tue Apr 11 2023 00:49:57 GMT-0600 (Mountain Daylight Time)","362375","green","red","","","","","","","","","","210","","","","","","[{""stimulus"":""img/red_ll/1.jpg"",""time"":50},{""stimulus"":""img/red_ll/2.jpg"",""time"":100},{""stimulus"":""img/red_ll/3.jpg"",""time"":150},{""stimulus"":""img/red_ll/4.jpg"",""time"":200},{""stimulus"":""img/red_ll/5.jpg"",""time"":250},{""stimulus"":""img/red_ll/6.jpg"",""time"":300},{""stimulus"":""img/red_ll/7.jpg"",""time"":350},{""stimulus"":""img/red_ll/8.jpg"",""time"":400},{""stimulus"":""img/red_ll/9.jpg"",""time"":450},{""stimulus"":""img/red_ll/10.jpg"",""time"":500},{""stimulus"":""img/red_ll/11.jpg"",""time"":550}]","[]",""
"image-keyboard-response","36","85057","0.0-5.0-1.16","63b6cc23f13731158517f900","bdp_lott","Tue Apr 11 2023 00:49:57 GMT-0600 (Mountain Daylight Time)","362375","green","red","","551","","","","choice","","img/red_ll/choose11.jpg","2","209","red","0.5","0.5","0.5","l","","",""
"animation","37","85658","0.0-5.0-2.16","63b6cc23f13731158517f900","bdp_lott","Tue Apr 11 2023 00:49:57 GMT-0600 (Mountain Daylight Time)","362375","green","red","","","","","","","","","","209","","","","","","[{""stimulus"":""img/red_ll/1.jpg"",""time"":55},{""stimulus"":""img/red_ll/2.jpg"",""time"":101},{""stimulus"":""img/red_ll/3.jpg"",""time"":163},{""stimulus"":""img/red_ll/4.jpg"",""time"":201},{""stimulus"":""img/red_ll/5.jpg"",""time"":256},{""stimulus"":""img/red_ll/6.jpg"",""time"":301},{""stimulus"":""img/red_ll/7.jpg"",""time"":351},{""stimulus"":""img/red_ll/8.jpg"",""time"":401},{""stimulus"":""img/red_ll/9.jpg"",""time"":451},{""stimulus"":""img/red_ll/10.jpg"",""time"":501},{""stimulus"":""img/red_ll/11.jpg"",""time"":551}]","[]",""
"image-keyboard-response","38","86355","0.0-5.0-1.17","63b6cc23f13731158517f900","bdp_lott","Tue Apr 11 2023 00:49:57 GMT-0600 (Mountain Daylight Time)","362375","green","red","","697","","","","choice","","img/red_ll/choose11.jpg","1","208","green","0.5","0.5","0.5","l","","",""
"animation","39","86956","0.0-5.0-2.17","63b6cc23f13731158517f900","bdp_lott","Tue Apr 11 2023 00:49:57 GMT-0600 (Mountain Daylight Time)","362375","green","red","","","","","","","","","","208","","","","","","[{""stimulus"":""img/green_ll/1.jpg"",""time"":50},{""stimulus"":""img/green_ll/2.jpg"",""time"":104},{""stimulus"":""img/green_ll/3.jpg"",""time"":150},{""stimulus"":""img/green_ll/4.jpg"",""time"":212},{""stimulus"":""img/green_ll/5.jpg"",""time"":259},{""stimulus"":""img/green_ll/6.jpg"",""time"":305},{""stimulus"":""img/green_ll/7.jpg"",""time"":352},{""stimulus"":""img/green_ll/8.jpg"",""time"":414},{""stimulus"":""img/green_ll/9.jpg"",""time"":460},{""stimulus"":""img/green_ll/10.jpg"",""time"":507},{""stimulus"":""img/green_ll/11.jpg"",""time"":553}]","[]",""
"image-keyboard-response","40","88212","0.0-5.0-1.18","63b6cc23f13731158517f900","bdp_lott","Tue Apr 11 2023 00:49:57 GMT-0600 (Mountain Daylight Time)","362375","green","red","","1256","","","","choice","","img/green_ll/choose11.jpg","1","207","green","0.5","0.5","0.5","w","","",""
"animation","41","88812","0.0-5.0-2.18","63b6cc23f13731158517f900","bdp_lott","Tue Apr 11 2023 00:49:57 GMT-0600 (Mountain Daylight Time)","362375","green","red","","","","","","","","","","207","","","","","","[{""stimulus"":""img/green_wl/1.jpg"",""time"":61},{""stimulus"":""img/green_wl/2.jpg"",""time"":107},{""stimulus"":""img/green_wl/3.jpg"",""time"":154},{""stimulus"":""img/green_wl/4.jpg"",""time"":201},{""stimulus"":""img/green_wl/5.jpg"",""time"":262},{""stimulus"":""img/green_wl/6.jpg"",""time"":310},{""stimulus"":""img/green_wl/7.jpg"",""time"":356},{""stimulus"":""img/green_wl/8.jpg"",""time"":402},{""stimulus"":""img/green_wl/9.jpg"",""time"":465},{""stimulus"":""img/green_wl/10.jpg"",""time"":500},{""stimulus"":""img/green_wl/11.jpg"",""time"":550}]","[]",""
"image-keyboard-response","42","90172","0.0-5.0-1.19","63b6cc23f13731158517f900","bdp_lott","Tue Apr 11 2023 00:49:57 GMT-0600 (Mountain Daylight Time)","362375","green","red","","1359","","","","choice","","img/green_wl/choose11.jpg","1","206","green","0.5","0.5","0.5","w","","",""
"animation","43","90773","0.0-5.0-2.19","63b6cc23f13731158517f900","bdp_lott","Tue Apr 11 2023 00:49:57 GMT-0600 (Mountain Daylight Time)","362375","green","red","","","","","","","","","","206","","","","","","[{""stimulus"":""img/green_wl/1.jpg"",""time"":50},{""stimulus"":""img/green_wl/2.jpg"",""time"":100},{""stimulus"":""img/green_wl/3.jpg"",""time"":161},{""stimulus"":""img/green_wl/4.jpg"",""time"":200},{""stimulus"":""img/green_wl/5.jpg"",""time"":255},{""stimulus"":""img/green_wl/6.jpg"",""time"":300},{""stimulus"":""img/green_wl/7.jpg"",""time"":350},{""stimulus"":""img/green_wl/8.jpg"",""time"":400},{""stimulus"":""img/green_wl/9.jpg"",""time"":450},{""stimulus"":""img/green_wl/10.jpg"",""time"":503},{""stimulus"":""img/green_wl/11.jpg"",""time"":550}]","[]",""
"image-keyboard-response","44","92141","0.0-5.0-1.20","63b6cc23f13731158517f900","bdp_lott","Tue Apr 11 2023 00:49:57 GMT-0600 (Mountain Daylight Time)","362375","green","red","","1367","","","","choice","","img/green_wl/choose11.jpg","1","205","green","0.5","0.5","0.5","w","","",""
"animation","45","92751","0.0-5.0-2.20","63b6cc23f13731158517f900","bdp_lott","Tue Apr 11 2023 00:49:57 GMT-0600 (Mountain Daylight Time)","362375","green","red","","","","","","","","","","205","","","","","","[{""stimulus"":""img/green_wl/1.jpg"",""time"":55},{""stimulus"":""img/green_wl/2.jpg"",""time"":100},{""stimulus"":""img/green_wl/3.jpg"",""time"":150},{""stimulus"":""img/green_wl/4.jpg"",""time"":200},{""stimulus"":""img/green_wl/5.jpg"",""time"":250},{""stimulus"":""img/green_wl/6.jpg"",""time"":301},{""stimulus"":""img/green_wl/7.jpg"",""time"":350},{""stimulus"":""img/green_wl/8.jpg"",""time"":400},{""stimulus"":""img/green_wl/9.jpg"",""time"":450},{""stimulus"":""img/green_wl/10.jpg"",""time"":500},{""stimulus"":""img/green_wl/11.jpg"",""time"":550}]","[]",""
"image-keyboard-response","46","93728","0.0-5.0-1.21","63b6cc23f13731158517f900","bdp_lott","Tue Apr 11 2023 00:49:57 GMT-0600 (Mountain Daylight Time)","362375","green","red","","976","","","","choice","","img/green_wl/choose11.jpg","1","204","green","0.5","0.5","0.5","l","","",""
"animation","47","94332","0.0-5.0-2.21","63b6cc23f13731158517f900","bdp_lott","Tue Apr 11 2023 00:49:57 GMT-0600 (Mountain Daylight Time)","362375","green","red","","","","","","","","","","204","","","","","","[{""stimulus"":""img/green_ll/1.jpg"",""time"":61},{""stimulus"":""img/green_ll/2.jpg"",""time"":101},{""stimulus"":""img/green_ll/3.jpg"",""time"":154},{""stimulus"":""img/green_ll/4.jpg"",""time"":201},{""stimulus"":""img/green_ll/5.jpg"",""time"":251},{""stimulus"":""img/green_ll/6.jpg"",""time"":301},{""stimulus"":""img/green_ll/7.jpg"",""time"":351},{""stimulus"":""img/green_ll/8.jpg"",""time"":401},{""stimulus"":""img/green_ll/9.jpg"",""time"":464},{""stimulus"":""img/green_ll/10.jpg"",""time"":511},{""stimulus"":""img/green_ll/11.jpg"",""time"":557}]","[]",""
"image-keyboard-response","48","95050","0.0-5.0-1.22","63b6cc23f13731158517f900","bdp_lott","Tue Apr 11 2023 00:49:57 GMT-0600 (Mountain Daylight Time)","362375","green","red","","718","","","","choice","","img/green_ll/choose11.jpg","1","203","green","0.5","0.5","0.5","l","","",""
"animation","49","95651","0.0-5.0-2.22","63b6cc23f13731158517f900","bdp_lott","Tue Apr 11 2023 00:49:57 GMT-0600 (Mountain Daylight Time)","362375","green","red","","","","","","","","","","203","","","","","","[{""stimulus"":""img/green_ll/1.jpg"",""time"":56},{""stimulus"":""img/green_ll/2.jpg"",""time"":102},{""stimulus"":""img/green_ll/3.jpg"",""time"":164},{""stimulus"":""img/green_ll/4.jpg"",""time"":201},{""stimulus"":""img/green_ll/5.jpg"",""time"":251},{""stimulus"":""img/green_ll/6.jpg"",""time"":301},{""stimulus"":""img/green_ll/7.jpg"",""time"":351},{""stimulus"":""img/green_ll/8.jpg"",""time"":401},{""stimulus"":""img/green_ll/9.jpg"",""time"":458},{""stimulus"":""img/green_ll/10.jpg"",""time"":504},{""stimulus"":""img/green_ll/11.jpg"",""time"":551}]","[]",""
"image-keyboard-response","50","96245","0.0-5.0-1.23","63b6cc23f13731158517f900","bdp_lott","Tue Apr 11 2023 00:49:57 GMT-0600 (Mountain Daylight Time)","362375","green","red","","594","","","","choice","","img/green_ll/choose11.jpg","1","202","green","0.5","0.5","0.5","w","","",""
"animation","51","96845","0.0-5.0-2.23","63b6cc23f13731158517f900","bdp_lott","Tue Apr 11 2023 00:49:57 GMT-0600 (Mountain Daylight Time)","362375","green","red","","","","","","","","","","202","","","","","","[{""stimulus"":""img/green_wl/1.jpg"",""time"":50},{""stimulus"":""img/green_wl/2.jpg"",""time"":100},{""stimulus"":""img/green_wl/3.jpg"",""time"":162},{""stimulus"":""img/green_wl/4.jpg"",""time"":200},{""stimulus"":""img/green_wl/5.jpg"",""time"":255},{""stimulus"":""img/green_wl/6.jpg"",""time"":300},{""stimulus"":""img/green_wl/7.jpg"",""time"":350},{""stimulus"":""img/green_wl/8.jpg"",""time"":400},{""stimulus"":""img/green_wl/9.jpg"",""time"":450},{""stimulus"":""img/green_wl/10.jpg"",""time"":503},{""stimulus"":""img/green_wl/11.jpg"",""time"":550}]","[]",""
"image-keyboard-response","52","97699","0.0-5.0-1.24","63b6cc23f13731158517f900","bdp_lott","Tue Apr 11 2023 00:49:57 GMT-0600 (Mountain Daylight Time)","362375","green","red","","853","","","","choice","","img/green_wl/choose11.jpg","1","201","green","0.5","0.5","0.5","w","","",""
"animation","53","98300","0.0-5.0-2.24","63b6cc23f13731158517f900","bdp_lott","Tue Apr 11 2023 00:49:57 GMT-0600 (Mountain Daylight Time)","362375","green","red","","","","","","","","","","201","","","","","","[{""stimulus"":""img/green_wl/1.jpg"",""time"":56},{""stimulus"":""img/green_wl/2.jpg"",""time"":103},{""stimulus"":""img/green_wl/3.jpg"",""time"":165},{""stimulus"":""img/green_wl/4.jpg"",""time"":201},{""stimulus"":""img/green_wl/5.jpg"",""time"":251},{""stimulus"":""img/green_wl/6.jpg"",""time"":301},{""stimulus"":""img/green_wl/7.jpg"",""time"":351},{""stimulus"":""img/green_wl/8.jpg"",""time"":401},{""stimulus"":""img/green_wl/9.jpg"",""time"":451},{""stimulus"":""img/green_wl/10.jpg"",""time"":506},{""stimulus"":""img/green_wl/11.jpg"",""time"":551}]","[]",""
"image-keyboard-response","54","99072","0.0-5.0-1.25","63b6cc23f13731158517f900","bdp_lott","Tue Apr 11 2023 00:49:57 GMT-0600 (Mountain Daylight Time)","362375","green","red","","772","","","","choice","","img/green_wl/choose11.jpg","1","200","green","0.5","0.5","0.5","l","","",""
"animation","55","99677","0.0-5.0-2.25","63b6cc23f13731158517f900","bdp_lott","Tue Apr 11 2023 00:49:57 GMT-0600 (Mountain Daylight Time)","362375","green","red","","","","","","","","","","200","","","","","","[{""stimulus"":""img/green_ll/1.jpg"",""time"":63},{""stimulus"":""img/green_ll/2.jpg"",""time"":109},{""stimulus"":""img/green_ll/3.jpg"",""time"":156},{""stimulus"":""img/green_ll/4.jpg"",""time"":202},{""stimulus"":""img/green_ll/5.jpg"",""time"":264},{""stimulus"":""img/green_ll/6.jpg"",""time"":311},{""stimulus"":""img/green_ll/7.jpg"",""time"":357},{""stimulus"":""img/green_ll/8.jpg"",""time"":404},{""stimulus"":""img/green_ll/9.jpg"",""time"":466},{""stimulus"":""img/green_ll/10.jpg"",""time"":512},{""stimulus"":""img/green_ll/11.jpg"",""time"":558}]","[]",""
"image-keyboard-response","56","100634","0.0-5.0-1.26","63b6cc23f13731158517f900","bdp_lott","Tue Apr 11 2023 00:49:57 GMT-0600 (Mountain Daylight Time)","362375","green","red","","957","","","","choice","","img/green_ll/choose11.jpg","2","199","red","0.5","0.5","0.5","w","","",""
"animation","57","101243","0.0-5.0-2.26","63b6cc23f13731158517f900","bdp_lott","Tue Apr 11 2023 00:49:57 GMT-0600 (Mountain Daylight Time)","362375","green","red","","","","","","","","","","199","","","","","","[{""stimulus"":""img/red_lw/1.jpg"",""time"":51},{""stimulus"":""img/red_lw/2.jpg"",""time"":113},{""stimulus"":""img/red_lw/3.jpg"",""time"":151},{""stimulus"":""img/red_lw/4.jpg"",""time"":206},{""stimulus"":""img/red_lw/5.jpg"",""time"":251},{""stimulus"":""img/red_lw/6.jpg"",""time"":314},{""stimulus"":""img/red_lw/7.jpg"",""time"":361},{""stimulus"":""img/red_lw/8.jpg"",""time"":407},{""stimulus"":""img/red_lw/9.jpg"",""time"":451},{""stimulus"":""img/red_lw/10.jpg"",""time"":517},{""stimulus"":""img/red_lw/11.jpg"",""time"":562}]","[]",""
"image-keyboard-response","58","102268","0.0-5.0-1.27","63b6cc23f13731158517f900","bdp_lott","Tue Apr 11 2023 00:49:57 GMT-0600 (Mountain Daylight Time)","362375","green","red","","1024","","","","choice","","img/red_lw/choose11.jpg","1","198","green","0.5","0.5","0.5","l","","",""
"animation","59","102869","0.0-5.0-2.27","63b6cc23f13731158517f900","bdp_lott","Tue Apr 11 2023 00:49:57 GMT-0600 (Mountain Daylight Time)","362375","green","red","","","","","","","","","","198","","","","","","[{""stimulus"":""img/green_lw/1.jpg"",""time"":51},{""stimulus"":""img/green_lw/2.jpg"",""time"":101},{""stimulus"":""img/green_lw/3.jpg"",""time"":153},{""stimulus"":""img/green_lw/4.jpg"",""time"":201},{""stimulus"":""img/green_lw/5.jpg"",""time"":251},{""stimulus"":""img/green_lw/6.jpg"",""time"":301},{""stimulus"":""img/green_lw/7.jpg"",""time"":351},{""stimulus"":""img/green_lw/8.jpg"",""time"":401},{""stimulus"":""img/green_lw/9.jpg"",""time"":451},{""stimulus"":""img/green_lw/10.jpg"",""time"":501},{""stimulus"":""img/green_lw/11.jpg"",""time"":551}]","[]",""
"image-keyboard-response","60","103844","0.0-5.0-1.28","63b6cc23f13731158517f900","bdp_lott","Tue Apr 11 2023 00:49:57 GMT-0600 (Mountain Daylight Time)","362375","green","red","","975","","","","choice","","img/green_lw/choose11.jpg","2","197","red","0.5","0.5","0.5","w","","",""
"animation","61","104444","0.0-5.0-2.28","63b6cc23f13731158517f900","bdp_lott","Tue Apr 11 2023 00:49:57 GMT-0600 (Mountain Daylight Time)","362375","green","red","","","","","","","","","","197","","","","","","[{""stimulus"":""img/red_lw/1.jpg"",""time"":66},{""stimulus"":""img/red_lw/2.jpg"",""time"":100},{""stimulus"":""img/red_lw/3.jpg"",""time"":158},{""stimulus"":""img/red_lw/4.jpg"",""time"":200},{""stimulus"":""img/red_lw/5.jpg"",""time"":250},{""stimulus"":""img/red_lw/6.jpg"",""time"":300},{""stimulus"":""img/red_lw/7.jpg"",""time"":350},{""stimulus"":""img/red_lw/8.jpg"",""time"":400},{""stimulus"":""img/red_lw/9.jpg"",""time"":450},{""stimulus"":""img/red_lw/10.jpg"",""time"":500},{""stimulus"":""img/red_lw/11.jpg"",""time"":550}]","[]",""
"image-keyboard-response","62","105338","0.0-5.0-1.29","63b6cc23f13731158517f900","bdp_lott","Tue Apr 11 2023 00:49:57 GMT-0600 (Mountain Daylight Time)","362375","green","red","","894","","","","choice","","img/red_lw/choose11.jpg","2","196","red","0.5","0.5","0.5","l","","",""
"animation","63","105941","0.0-5.0-2.29","63b6cc23f13731158517f900","bdp_lott","Tue Apr 11 2023 00:49:57 GMT-0600 (Mountain Daylight Time)","362375","green","red","","","","","","","","","","196","","","","","","[{""stimulus"":""img/red_ll/1.jpg"",""time"":50},{""stimulus"":""img/red_ll/2.jpg"",""time"":106},{""stimulus"":""img/red_ll/3.jpg"",""time"":150},{""stimulus"":""img/red_ll/4.jpg"",""time"":200},{""stimulus"":""img/red_ll/5.jpg"",""time"":250},{""stimulus"":""img/red_ll/6.jpg"",""time"":300},{""stimulus"":""img/red_ll/7.jpg"",""time"":350},{""stimulus"":""img/red_ll/8.jpg"",""time"":401},{""stimulus"":""img/red_ll/9.jpg"",""time"":463},{""stimulus"":""img/red_ll/10.jpg"",""time"":509},{""stimulus"":""img/red_ll/11.jpg"",""time"":556}]","[]",""
"image-keyboard-response","64","106495","0.0-5.0-1.30","63b6cc23f13731158517f900","bdp_lott","Tue Apr 11 2023 00:49:57 GMT-0600 (Mountain Daylight Time)","362375","green","red","","554","","","","choice","","img/red_ll/choose11.jpg","1","195","green","0.5","0.5","0.5","l","","",""
"animation","65","107096","0.0-5.0-2.30","63b6cc23f13731158517f900","bdp_lott","Tue Apr 11 2023 00:49:57 GMT-0600 (Mountain Daylight Time)","362375","green","red","","","","","","","","","","195","","","","","","[{""stimulus"":""img/green_ll/1.jpg"",""time"":50},{""stimulus"":""img/green_ll/2.jpg"",""time"":111},{""stimulus"":""img/green_ll/3.jpg"",""time"":150},{""stimulus"":""img/green_ll/4.jpg"",""time"":200},{""stimulus"":""img/green_ll/5.jpg"",""time"":250},{""stimulus"":""img/green_ll/6.jpg"",""time"":312},{""stimulus"":""img/green_ll/7.jpg"",""time"":350},{""stimulus"":""img/green_ll/8.jpg"",""time"":400},{""stimulus"":""img/green_ll/9.jpg"",""time"":450},{""stimulus"":""img/green_ll/10.jpg"",""time"":500},{""stimulus"":""img/green_ll/11.jpg"",""time"":550}]","[]",""
"image-keyboard-response","66","108052","0.0-5.0-1.31","63b6cc23f13731158517f900","bdp_lott","Tue Apr 11 2023 00:49:57 GMT-0600 (Mountain Daylight Time)","362375","green","red","","956","","","","choice","","img/green_ll/choose11.jpg","2","194","red","0.5","0.5","0.5","w","","",""
"animation","67","108652","0.0-5.0-2.31","63b6cc23f13731158517f900","bdp_lott","Tue Apr 11 2023 00:49:57 GMT-0600 (Mountain Daylight Time)","362375","green","red","","","","","","","","","","194","","","","","","[{""stimulus"":""img/red_lw/1.jpg"",""time"":57},{""stimulus"":""img/red_lw/2.jpg"",""time"":100},{""stimulus"":""img/red_lw/3.jpg"",""time"":150},{""stimulus"":""img/red_lw/4.jpg"",""time"":200},{""stimulus"":""img/red_lw/5.jpg"",""time"":250},{""stimulus"":""img/red_lw/6.jpg"",""time"":305},{""stimulus"":""img/red_lw/7.jpg"",""time"":350},{""stimulus"":""img/red_lw/8.jpg"",""time"":400},{""stimulus"":""img/red_lw/9.jpg"",""time"":450},{""stimulus"":""img/red_lw/10.jpg"",""time"":500},{""stimulus"":""img/red_lw/11.jpg"",""time"":550}]","[]",""
"image-keyboard-response","68","109662","0.0-5.0-1.32","63b6cc23f13731158517f900","bdp_lott","Tue Apr 11 2023 00:49:57 GMT-0600 (Mountain Daylight Time)","362375","green","red","","1009","","","","choice","","img/red_lw/choose11.jpg","1","193","green","0.5","0.5","0.5","l","","",""
"animation","69","110263","0.0-5.0-2.32","63b6cc23f13731158517f900","bdp_lott","Tue Apr 11 2023 00:49:57 GMT-0600 (Mountain Daylight Time)","362375","green","red","","","","","","","","","","193","","","","","","[{""stimulus"":""img/green_lw/1.jpg"",""time"":58},{""stimulus"":""img/green_lw/2.jpg"",""time"":105},{""stimulus"":""img/green_lw/3.jpg"",""time"":151},{""stimulus"":""img/green_lw/4.jpg"",""time"":213},{""stimulus"":""img/green_lw/5.jpg"",""time"":260},{""stimulus"":""img/green_lw/6.jpg"",""time"":306},{""stimulus"":""img/green_lw/7.jpg"",""time"":353},{""stimulus"":""img/green_lw/8.jpg"",""time"":414},{""stimulus"":""img/green_lw/9.jpg"",""time"":460},{""stimulus"":""img/green_lw/10.jpg"",""time"":507},{""stimulus"":""img/green_lw/11.jpg"",""time"":553}]","[]",""
"image-keyboard-response","70","110793","0.0-5.0-1.33","63b6cc23f13731158517f900","bdp_lott","Tue Apr 11 2023 00:49:57 GMT-0600 (Mountain Daylight Time)","362375","green","red","","530","","","","choice","","img/green_lw/choose11.jpg","2","192","red","0.5","0.5","0.5","w","","",""
"animation","71","111409","0.0-5.0-2.33","63b6cc23f13731158517f900","bdp_lott","Tue Apr 11 2023 00:49:57 GMT-0600 (Mountain Daylight Time)","362375","green","red","","","","","","","","","","192","","","","","","[{""stimulus"":""img/red_lw/1.jpg"",""time"":59},{""stimulus"":""img/red_lw/2.jpg"",""time"":101},{""stimulus"":""img/red_lw/3.jpg"",""time"":151},{""stimulus"":""img/red_lw/4.jpg"",""time"":214},{""stimulus"":""img/red_lw/5.jpg"",""time"":260},{""stimulus"":""img/red_lw/6.jpg"",""time"":307},{""stimulus"":""img/red_lw/7.jpg"",""time"":353},{""stimulus"":""img/red_lw/8.jpg"",""time"":415},{""stimulus"":""img/red_lw/9.jpg"",""time"":462},{""stimulus"":""img/red_lw/10.jpg"",""time"":508},{""stimulus"":""img/red_lw/11.jpg"",""time"":555}]","[]",""
"image-keyboard-response","72","111879","0.0-5.0-1.34","63b6cc23f13731158517f900","bdp_lott","Tue Apr 11 2023 00:49:57 GMT-0600 (Mountain Daylight Time)","362375","green","red","","470","","","","choice","","img/red_lw/choose11.jpg","2","191","red","0.5","0.5","0.5","l","","",""
"animation","73","112493","0.0-5.0-2.34","63b6cc23f13731158517f900","bdp_lott","Tue Apr 11 2023 00:49:57 GMT-0600 (Mountain Daylight Time)","362375","green","red","","","","","","","","","","191","","","","","","[{""stimulus"":""img/red_ll/1.jpg"",""time"":57},{""stimulus"":""img/red_ll/2.jpg"",""time"":103},{""stimulus"":""img/red_ll/3.jpg"",""time"":151},{""stimulus"":""img/red_ll/4.jpg"",""time"":201},{""stimulus"":""img/red_ll/5.jpg"",""time"":251},{""stimulus"":""img/red_ll/6.jpg"",""time"":301},{""stimulus"":""img/red_ll/7.jpg"",""time"":351},{""stimulus"":""img/red_ll/8.jpg"",""time"":401},{""stimulus"":""img/red_ll/9.jpg"",""time"":459},{""stimulus"":""img/red_ll/10.jpg"",""time"":506},{""stimulus"":""img/red_ll/11.jpg"",""time"":553}]","[]",""
"image-keyboard-response","74","113028","0.0-5.0-1.35","63b6cc23f13731158517f900","bdp_lott","Tue Apr 11 2023 00:49:57 GMT-0600 (Mountain Daylight Time)","362375","green","red","","534","","","","choice","","img/red_ll/choose11.jpg","2","190","red","0.5","0.5","0.5","l","","",""
"animation","75","113628","0.0-5.0-2.35","63b6cc23f13731158517f900","bdp_lott","Tue Apr 11 2023 00:49:57 GMT-0600 (Mountain Daylight Time)","362375","green","red","","","","","","","","","","190","","","","","","[{""stimulus"":""img/red_ll/1.jpg"",""time"":51},{""stimulus"":""img/red_ll/2.jpg"",""time"":115},{""stimulus"":""img/red_ll/3.jpg"",""time"":161},{""stimulus"":""img/red_ll/4.jpg"",""time"":200},{""stimulus"":""img/red_ll/5.jpg"",""time"":250},{""stimulus"":""img/red_ll/6.jpg"",""time"":300},{""stimulus"":""img/red_ll/7.jpg"",""time"":350},{""stimulus"":""img/red_ll/8.jpg"",""time"":400},{""stimulus"":""img/red_ll/9.jpg"",""time"":450},{""stimulus"":""img/red_ll/10.jpg"",""time"":500},{""stimulus"":""img/red_ll/11.jpg"",""time"":550}]","[]",""
"image-keyboard-response","76","114048","0.0-5.0-1.36","63b6cc23f13731158517f900","bdp_lott","Tue Apr 11 2023 00:49:57 GMT-0600 (Mountain Daylight Time)","362375","green","red","","419","","","","choice","","img/red_ll/choose11.jpg","2","189","red","0.5","0.5","0.5","l","","",""
"animation","77","114648","0.0-5.0-2.36","63b6cc23f13731158517f900","bdp_lott","Tue Apr 11 2023 00:49:57 GMT-0600 (Mountain Daylight Time)","362375","green","red","","","","","","","","","","189","","","","","","[{""stimulus"":""img/red_ll/1.jpg"",""time"":50},{""stimulus"":""img/red_ll/2.jpg"",""time"":100},{""stimulus"":""img/red_ll/3.jpg"",""time"":150},{""stimulus"":""img/red_ll/4.jpg"",""time"":200},{""stimulus"":""img/red_ll/5.jpg"",""time"":250},{""stimulus"":""img/red_ll/6.jpg"",""time"":300},{""stimulus"":""img/red_ll/7.jpg"",""time"":350},{""stimulus"":""img/red_ll/8.jpg"",""time"":400},{""stimulus"":""img/red_ll/9.jpg"",""time"":450},{""stimulus"":""img/red_ll/10.jpg"",""time"":500},{""stimulus"":""img/red_ll/11.jpg"",""time"":550}]","[]",""
"image-keyboard-response","78","115370","0.0-5.0-1.37","63b6cc23f13731158517f900","bdp_lott","Tue Apr 11 2023 00:49:57 GMT-0600 (Mountain Daylight Time)","362375","green","red","","721","","","","choice","","img/red_ll/choose11.jpg","2","188","red","0.5","0.5","0.5","l","","",""
"animation","79","115971","0.0-5.0-2.37","63b6cc23f13731158517f900","bdp_lott","Tue Apr 11 2023 00:49:57 GMT-0600 (Mountain Daylight Time)","362375","green","red","","","","","","","","","","188","","","","","","[{""stimulus"":""img/red_ll/1.jpg"",""time"":53},{""stimulus"":""img/red_ll/2.jpg"",""time"":104},{""stimulus"":""img/red_ll/3.jpg"",""time"":151},{""stimulus"":""img/red_ll/4.jpg"",""time"":208},{""stimulus"":""img/red_ll/5.jpg"",""time"":251},{""stimulus"":""img/red_ll/6.jpg"",""time"":301},{""stimulus"":""img/red_ll/7.jpg"",""time"":351},{""stimulus"":""img/red_ll/8.jpg"",""time"":401},{""stimulus"":""img/red_ll/9.jpg"",""time"":451},{""stimulus"":""img/red_ll/10.jpg"",""time"":503},{""stimulus"":""img/red_ll/11.jpg"",""time"":551}]","[]",""
"image-keyboard-response","80","116517","0.0-5.0-1.38","63b6cc23f13731158517f900","bdp_lott","Tue Apr 11 2023 00:49:57 GMT-0600 (Mountain Daylight Time)","362375","green","red","","546","","","","choice","","img/red_ll/choose11.jpg","2","187","red","0.5","0.5","0.5","l","","",""
"animation","81","117118","0.0-5.0-2.38","63b6cc23f13731158517f900","bdp_lott","Tue Apr 11 2023 00:49:57 GMT-0600 (Mountain Daylight Time)","362375","green","red","","","","","","","","","","187","","","","","","[{""stimulus"":""img/red_ll/1.jpg"",""time"":52},{""stimulus"":""img/red_ll/2.jpg"",""time"":114},{""stimulus"":""img/red_ll/3.jpg"",""time"":151},{""stimulus"":""img/red_ll/4.jpg"",""time"":201},{""stimulus"":""img/red_ll/5.jpg"",""time"":251},{""stimulus"":""img/red_ll/6.jpg"",""time"":301},{""stimulus"":""img/red_ll/7.jpg"",""time"":351},{""stimulus"":""img/red_ll/8.jpg"",""time"":401},{""stimulus"":""img/red_ll/9.jpg"",""time"":451},{""stimulus"":""img/red_ll/10.jpg"",""time"":501},{""stimulus"":""img/red_ll/11.jpg"",""time"":551}]","[]",""
"image-keyboard-response","82","117918","0.0-5.0-1.39","63b6cc23f13731158517f900","bdp_lott","Tue Apr 11 2023 00:49:57 GMT-0600 (Mountain Daylight Time)","362375","green","red","","800","","","","choice","","img/red_ll/choose11.jpg","2","186","red","0.5","0.5","0.5","l","","",""
"animation","83","118522","0.0-5.0-2.39","63b6cc23f13731158517f900","bdp_lott","Tue Apr 11 2023 00:49:57 GMT-0600 (Mountain Daylight Time)","362375","green","red","","","","","","","","","","186","","","","","","[{""stimulus"":""img/red_ll/1.jpg"",""time"":62},{""stimulus"":""img/red_ll/2.jpg"",""time"":108},{""stimulus"":""img/red_ll/3.jpg"",""time"":155},{""stimulus"":""img/red_ll/4.jpg"",""time"":201},{""stimulus"":""img/red_ll/5.jpg"",""time"":263},{""stimulus"":""img/red_ll/6.jpg"",""time"":310},{""stimulus"":""img/red_ll/7.jpg"",""time"":356},{""stimulus"":""img/red_ll/8.jpg"",""time"":403},{""stimulus"":""img/red_ll/9.jpg"",""time"":465},{""stimulus"":""img/red_ll/10.jpg"",""time"":511},{""stimulus"":""img/red_ll/11.jpg"",""time"":558}]","[]",""
"image-keyboard-response","84","119571","0.0-5.0-1.40","63b6cc23f13731158517f900","bdp_lott","Tue Apr 11 2023 00:49:57 GMT-0600 (Mountain Daylight Time)","362375","green","red","","1048","","","","choice","","img/red_ll/choose11.jpg","2","185","red","0.5","0.5","0.5","l","","",""
"animation","85","120171","0.0-5.0-2.40","63b6cc23f13731158517f900","bdp_lott","Tue Apr 11 2023 00:49:57 GMT-0600 (Mountain Daylight Time)","362375","green","red","","","","","","","","","","185","","","","","","[{""stimulus"":""img/red_ll/1.jpg"",""time"":53},{""stimulus"":""img/red_ll/2.jpg"",""time"":115},{""stimulus"":""img/red_ll/3.jpg"",""time"":161},{""stimulus"":""img/red_ll/4.jpg"",""time"":208},{""stimulus"":""img/red_ll/5.jpg"",""time"":254},{""stimulus"":""img/red_ll/6.jpg"",""time"":301},{""stimulus"":""img/red_ll/7.jpg"",""time"":351},{""stimulus"":""img/red_ll/8.jpg"",""time"":401},{""stimulus"":""img/red_ll/9.jpg"",""time"":451},{""stimulus"":""img/red_ll/10.jpg"",""time"":501},{""stimulus"":""img/red_ll/11.jpg"",""time"":551}]","[]",""
"image-keyboard-response","86","120372","0.0-5.0-1.41","63b6cc23f13731158517f900","bdp_lott","Tue Apr 11 2023 00:49:57 GMT-0600 (Mountain Daylight Time)","362375","green","red","","200","","","","choice","","img/red_ll/choose11.jpg","1","184","green","0.5","0.5","0.5","w","","",""
"animation","87","120973","0.0-5.0-2.41","63b6cc23f13731158517f900","bdp_lott","Tue Apr 11 2023 00:49:57 GMT-0600 (Mountain Daylight Time)","362375","green","red","","","","","","","","","","184","","","","","","[{""stimulus"":""img/green_wl/1.jpg"",""time"":58},{""stimulus"":""img/green_wl/2.jpg"",""time"":101},{""stimulus"":""img/green_wl/3.jpg"",""time"":151},{""stimulus"":""img/green_wl/4.jpg"",""time"":201},{""stimulus"":""img/green_wl/5.jpg"",""time"":251},{""stimulus"":""img/green_wl/6.jpg"",""time"":301},{""stimulus"":""img/green_wl/7.jpg"",""time"":351},{""stimulus"":""img/green_wl/8.jpg"",""time"":401},{""stimulus"":""img/green_wl/9.jpg"",""time"":451},{""stimulus"":""img/green_wl/10.jpg"",""time"":507},{""stimulus"":""img/green_wl/11.jpg"",""time"":551}]","[]",""
"image-keyboard-response","88","122050","0.0-5.0-1.42","63b6cc23f13731158517f900","bdp_lott","Tue Apr 11 2023 00:49:57 GMT-0600 (Mountain Daylight Time)","362375","green","red","","1077","","","","choice","","img/green_wl/choose11.jpg","1","183","green","0.5","0.5","0.5","l","","",""
"animation","89","122651","0.0-5.0-2.42","63b6cc23f13731158517f900","bdp_lott","Tue Apr 11 2023 00:49:57 GMT-0600 (Mountain Daylight Time)","362375","green","red","","","","","","","","","","183","","","","","","[{""stimulus"":""img/green_ll/1.jpg"",""time"":50},{""stimulus"":""img/green_ll/2.jpg"",""time"":112},{""stimulus"":""img/green_ll/3.jpg"",""time"":150},{""stimulus"":""img/green_ll/4.jpg"",""time"":200},{""stimulus"":""img/green_ll/5.jpg"",""time"":250},{""stimulus"":""img/green_ll/6.jpg"",""time"":300},{""stimulus"":""img/green_ll/7.jpg"",""time"":350},{""stimulus"":""img/green_ll/8.jpg"",""time"":400},{""stimulus"":""img/green_ll/9.jpg"",""time"":450},{""stimulus"":""img/green_ll/10.jpg"",""time"":500},{""stimulus"":""img/green_ll/11.jpg"",""time"":550}]","[]",""
"image-keyboard-response","90","123345","0.0-5.0-1.43","63b6cc23f13731158517f900","bdp_lott","Tue Apr 11 2023 00:49:57 GMT-0600 (Mountain Daylight Time)","362375","green","red","","694","","","","choice","","img/green_ll/choose11.jpg","1","182","green","0.5","0.5","0.5","w","","",""
"animation","91","123946","0.0-5.0-2.43","63b6cc23f13731158517f900","bdp_lott","Tue Apr 11 2023 00:49:57 GMT-0600 (Mountain Daylight Time)","362375","green","red","","","","","","","","","","182","","","","","","[{""stimulus"":""img/green_wl/1.jpg"",""time"":56},{""stimulus"":""img/green_wl/2.jpg"",""time"":102},{""stimulus"":""img/green_wl/3.jpg"",""time"":151},{""stimulus"":""img/green_wl/4.jpg"",""time"":211},{""stimulus"":""img/green_wl/5.jpg"",""time"":256},{""stimulus"":""img/green_wl/6.jpg"",""time"":301},{""stimulus"":""img/green_wl/7.jpg"",""time"":351},{""stimulus"":""img/green_wl/8.jpg"",""time"":411},{""stimulus"":""img/green_wl/9.jpg"",""time"":451},{""stimulus"":""img/green_wl/10.jpg"",""time"":504},{""stimulus"":""img/green_wl/11.jpg"",""time"":551}]","[]",""
"image-keyboard-response","92","124603","0.0-5.0-1.44","63b6cc23f13731158517f900","bdp_lott","Tue Apr 11 2023 00:49:57 GMT-0600 (Mountain Daylight Time)","362375","green","red","","656","","","","choice","","img/green_wl/choose11.jpg","1","181","green","0.5","0.5","0.5","w","","",""
"animation","93","125214","0.0-5.0-2.44","63b6cc23f13731158517f900","bdp_lott","Tue Apr 11 2023 00:49:57 GMT-0600 (Mountain Daylight Time)","362375","green","red","","","","","","","","","","181","","","","","","[{""stimulus"":""img/green_wl/1.jpg"",""time"":52},{""stimulus"":""img/green_wl/2.jpg"",""time"":114},{""stimulus"":""img/green_wl/3.jpg"",""time"":161},{""stimulus"":""img/green_wl/4.jpg"",""time"":207},{""stimulus"":""img/green_wl/5.jpg"",""time"":254},{""stimulus"":""img/green_wl/6.jpg"",""time"":316},{""stimulus"":""img/green_wl/7.jpg"",""time"":362},{""stimulus"":""img/green_wl/8.jpg"",""time"":409},{""stimulus"":""img/green_wl/9.jpg"",""time"":455},{""stimulus"":""img/green_wl/10.jpg"",""time"":501},{""stimulus"":""img/green_wl/11.jpg"",""time"":564}]","[]",""
"image-keyboard-response","94","126332","0.0-5.0-1.45","63b6cc23f13731158517f900","bdp_lott","Tue Apr 11 2023 00:49:57 GMT-0600 (Mountain Daylight Time)","362375","green","red","","1117","","","","choice","","img/green_wl/choose11.jpg","1","180","green","0.5","0.5","0.5","l","","",""
"animation","95","126933","0.0-5.0-2.45","63b6cc23f13731158517f900","bdp_lott","Tue Apr 11 2023 00:49:57 GMT-0600 (Mountain Daylight Time)","362375","green","red","","","","","","","","","","180","","","","","","[{""stimulus"":""img/green_ll/1.jpg"",""time"":50},{""stimulus"":""img/green_ll/2.jpg"",""time"":100},{""stimulus"":""img/green_ll/3.jpg"",""time"":152},{""stimulus"":""img/green_ll/4.jpg"",""time"":214},{""stimulus"":""img/green_ll/5.jpg"",""time"":260},{""stimulus"":""img/green_ll/6.jpg"",""time"":300},{""stimulus"":""img/green_ll/7.jpg"",""time"":350},{""stimulus"":""img/green_ll/8.jpg"",""time"":400},{""stimulus"":""img/green_ll/9.jpg"",""time"":450},{""stimulus"":""img/green_ll/10.jpg"",""time"":508},{""stimulus"":""img/green_ll/11.jpg"",""time"":550}]","[]",""
"image-keyboard-response","96","127573","0.0-5.0-1.46","63b6cc23f13731158517f900","bdp_lott","Tue Apr 11 2023 00:49:57 GMT-0600 (Mountain Daylight Time)","362375","green","red","","640","","","","choice","","img/green_ll/choose11.jpg","1","179","green","0.5","0.5","0.5","l","","",""
"animation","97","128173","0.0-5.0-2.46","63b6cc23f13731158517f900","bdp_lott","Tue Apr 11 2023 00:49:57 GMT-0600 (Mountain Daylight Time)","362375","green","red","","","","","","","","","","179","","","","","","[{""stimulus"":""img/green_ll/1.jpg"",""time"":50},{""stimulus"":""img/green_ll/2.jpg"",""time"":104},{""stimulus"":""img/green_ll/3.jpg"",""time"":150},{""stimulus"":""img/green_ll/4.jpg"",""time"":212},{""stimulus"":""img/green_ll/5.jpg"",""time"":259},{""stimulus"":""img/green_ll/6.jpg"",""time"":305},{""stimulus"":""img/green_ll/7.jpg"",""time"":352},{""stimulus"":""img/green_ll/8.jpg"",""time"":414},{""stimulus"":""img/green_ll/9.jpg"",""time"":460},{""stimulus"":""img/green_ll/10.jpg"",""time"":506},{""stimulus"":""img/green_ll/11.jpg"",""time"":554}]","[]",""
"image-keyboard-response","98","128813","0.0-5.0-1.47","63b6cc23f13731158517f900","bdp_lott","Tue Apr 11 2023 00:49:57 GMT-0600 (Mountain Daylight Time)","362375","green","red","","639","","","","choice","","img/green_ll/choose11.jpg","2","178","red","0.5","0.5","0.5","w","","",""
"animation","99","129428","0.0-5.0-2.47","63b6cc23f13731158517f900","bdp_lott","Tue Apr 11 2023 00:49:57 GMT-0600 (Mountain Daylight Time)","362375","green","red","","","","","","","","","","178","","","","","","[{""stimulus"":""img/red_lw/1.jpg"",""time"":57},{""stimulus"":""img/red_lw/2.jpg"",""time"":101},{""stimulus"":""img/red_lw/3.jpg"",""time"":151},{""stimulus"":""img/red_lw/4.jpg"",""time"":212},{""stimulus"":""img/red_lw/5.jpg"",""time"":259},{""stimulus"":""img/red_lw/6.jpg"",""time"":305},{""stimulus"":""img/red_lw/7.jpg"",""time"":352},{""stimulus"":""img/red_lw/8.jpg"",""time"":414},{""stimulus"":""img/red_lw/9.jpg"",""time"":460},{""stimulus"":""img/red_lw/10.jpg"",""time"":507},{""stimulus"":""img/red_lw/11.jpg"",""time"":553}]","[]",""
"image-keyboard-response","100","130190","0.0-5.0-1.48","63b6cc23f13731158517f900","bdp_lott","Tue Apr 11 2023 00:49:57 GMT-0600 (Mountain Daylight Time)","362375","green","red","","762","","","","choice","","img/red_lw/choose11.jpg","1","177","green","0.5","0.5","0.5","l","","",""
"animation","101","130806","0.0-5.0-2.48","63b6cc23f13731158517f900","bdp_lott","Tue Apr 11 2023 00:49:57 GMT-0600 (Mountain Daylight Time)","362375","green","red","","","","","","","","","","177","","","","","","[{""stimulus"":""img/green_lw/1.jpg"",""time"":59},{""stimulus"":""img/green_lw/2.jpg"",""time"":105},{""stimulus"":""img/green_lw/3.jpg"",""time"":151},{""stimulus"":""img/green_lw/4.jpg"",""time"":214},{""stimulus"":""img/green_lw/5.jpg"",""time"":251},{""stimulus"":""img/green_lw/6.jpg"",""time"":301},{""stimulus"":""img/green_lw/7.jpg"",""time"":352},{""stimulus"":""img/green_lw/8.jpg"",""time"":401},{""stimulus"":""img/green_lw/9.jpg"",""time"":461},{""stimulus"":""img/green_lw/10.jpg"",""time"":507},{""stimulus"":""img/green_lw/11.jpg"",""time"":554}]","[]",""
"image-keyboard-response","102","131526","0.0-5.0-1.49","63b6cc23f13731158517f900","bdp_lott","Tue Apr 11 2023 00:49:57 GMT-0600 (Mountain Daylight Time)","362375","green","red","","720","","","","choice","","img/green_lw/choose11.jpg","1","176","green","0.5","0.5","0.5","l","","",""
"animation","103","132136","0.0-5.0-2.49","63b6cc23f13731158517f900","bdp_lott","Tue Apr 11 2023 00:49:57 GMT-0600 (Mountain Daylight Time)","362375","green","red","","","","","","","","","","176","","","","","","[{""stimulus"":""img/green_lw/1.jpg"",""time"":50},{""stimulus"":""img/green_lw/2.jpg"",""time"":100},{""stimulus"":""img/green_lw/3.jpg"",""time"":150},{""stimulus"":""img/green_lw/4.jpg"",""time"":207},{""stimulus"":""img/green_lw/5.jpg"",""time"":250},{""stimulus"":""img/green_lw/6.jpg"",""time"":301},{""stimulus"":""img/green_lw/7.jpg"",""time"":363},{""stimulus"":""img/green_lw/8.jpg"",""time"":409},{""stimulus"":""img/green_lw/9.jpg"",""time"":450},{""stimulus"":""img/green_lw/10.jpg"",""time"":502},{""stimulus"":""img/green_lw/11.jpg"",""time"":565}]","[]",""
"image-keyboard-response","104","132510","0.0-5.0-1.50","63b6cc23f13731158517f900","bdp_lott","Tue Apr 11 2023 00:49:57 GMT-0600 (Mountain Daylight Time)","362375","green","red","","373","","","","choice","","img/green_lw/choose11.jpg","2","175","red","0.5","0.5","0.5","w","","",""
"animation","105","133110","0.0-5.0-2.50","63b6cc23f13731158517f900","bdp_lott","Tue Apr 11 2023 00:49:57 GMT-0600 (Mountain Daylight Time)","362375","green","red","","","","","","","","","","175","","","","","","[{""stimulus"":""img/red_lw/1.jpg"",""time"":50},{""stimulus"":""img/red_lw/2.jpg"",""time"":100},{""stimulus"":""img/red_lw/3.jpg"",""time"":150},{""stimulus"":""img/red_lw/4.jpg"",""time"":200},{""stimulus"":""img/red_lw/5.jpg"",""time"":250},{""stimulus"":""img/red_lw/6.jpg"",""time"":300},{""stimulus"":""img/red_lw/7.jpg"",""time"":350},{""stimulus"":""img/red_lw/8.jpg"",""time"":400},{""stimulus"":""img/red_lw/9.jpg"",""time"":450},{""stimulus"":""img/red_lw/10.jpg"",""time"":500},{""stimulus"":""img/red_lw/11.jpg"",""time"":550}]","[]",""
"image-keyboard-response","106","134210","0.0-5.0-1.51","63b6cc23f13731158517f900","bdp_lott","Tue Apr 11 2023 00:49:57 GMT-0600 (Mountain Daylight Time)","362375","green","red","","1099","","","","choice","","img/red_lw/choose11.jpg","2","174","red","0.5","0.5","0.5","l","","",""
"animation","107","134811","0.0-5.0-2.51","63b6cc23f13731158517f900","bdp_lott","Tue Apr 11 2023 00:49:57 GMT-0600 (Mountain Daylight Time)","362375","green","red","","","","","","","","","","174","","","","","","[{""stimulus"":""img/red_ll/1.jpg"",""time"":64},{""stimulus"":""img/red_ll/2.jpg"",""time"":111},{""stimulus"":""img/red_ll/3.jpg"",""time"":152},{""stimulus"":""img/red_ll/4.jpg"",""time"":201},{""stimulus"":""img/red_ll/5.jpg"",""time"":251},{""stimulus"":""img/red_ll/6.jpg"",""time"":301},{""stimulus"":""img/red_ll/7.jpg"",""time"":351},{""stimulus"":""img/red_ll/8.jpg"",""time"":401},{""stimulus"":""img/red_ll/9.jpg"",""time"":451},{""stimulus"":""img/red_ll/10.jpg"",""time"":514},{""stimulus"":""img/red_ll/11.jpg"",""time"":551}]","[]",""
"image-keyboard-response","108","135319","0.0-5.0-1.52","63b6cc23f13731158517f900","bdp_lott","Tue Apr 11 2023 00:49:57 GMT-0600 (Mountain Daylight Time)","362375","green","red","","508","","","","choice","","img/red_ll/choose11.jpg","2","173","red","0.5","0.5","0.5","l","","",""
"animation","109","135920","0.0-5.0-2.52","63b6cc23f13731158517f900","bdp_lott","Tue Apr 11 2023 00:49:57 GMT-0600 (Mountain Daylight Time)","362375","green","red","","","","","","","","","","173","","","","","","[{""stimulus"":""img/red_ll/1.jpg"",""time"":56},{""stimulus"":""img/red_ll/2.jpg"",""time"":103},{""stimulus"":""img/red_ll/3.jpg"",""time"":151},{""stimulus"":""img/red_ll/4.jpg"",""time"":201},{""stimulus"":""img/red_ll/5.jpg"",""time"":251},{""stimulus"":""img/red_ll/6.jpg"",""time"":301},{""stimulus"":""img/red_ll/7.jpg"",""time"":351},{""stimulus"":""img/red_ll/8.jpg"",""time"":401},{""stimulus"":""img/red_ll/9.jpg"",""time"":451},{""stimulus"":""img/red_ll/10.jpg"",""time"":506},{""stimulus"":""img/red_ll/11.jpg"",""time"":551}]","[]",""
"image-keyboard-response","110","136429","0.0-5.0-1.53","63b6cc23f13731158517f900","bdp_lott","Tue Apr 11 2023 00:49:57 GMT-0600 (Mountain Daylight Time)","362375","green","red","","509","","","","choice","","img/red_ll/choose11.jpg","1","172","green","0.5","0.5","0.5","w","","",""
"animation","111","137033","0.0-5.0-2.53","63b6cc23f13731158517f900","bdp_lott","Tue Apr 11 2023 00:49:57 GMT-0600 (Mountain Daylight Time)","362375","green","red","","","","","","","","","","172","","","","","","[{""stimulus"":""img/green_wl/1.jpg"",""time"":62},{""stimulus"":""img/green_wl/2.jpg"",""time"":109},{""stimulus"":""img/green_wl/3.jpg"",""time"":155},{""stimulus"":""img/green_wl/4.jpg"",""time"":202},{""stimulus"":""img/green_wl/5.jpg"",""time"":263},{""stimulus"":""img/green_wl/6.jpg"",""time"":310},{""stimulus"":""img/green_wl/7.jpg"",""time"":357},{""stimulus"":""img/green_wl/8.jpg"",""time"":403},{""stimulus"":""img/green_wl/9.jpg"",""time"":465},{""stimulus"":""img/green_wl/10.jpg"",""time"":512},{""stimulus"":""img/green_wl/11.jpg"",""time"":558}]","[]",""
"image-keyboard-response","112","137718","0.0-5.0-1.54","63b6cc23f13731158517f900","bdp_lott","Tue Apr 11 2023 00:49:57 GMT-0600 (Mountain Daylight Time)","362375","green","red","","684","","","","choice","","img/green_wl/choose11.jpg","1","171","green","0.5","0.5","0.5","l","","",""
"animation","113","138319","0.0-5.0-2.54","63b6cc23f13731158517f900","bdp_lott","Tue Apr 11 2023 00:49:57 GMT-0600 (Mountain Daylight Time)","362375","green","red","","","","","","","","","","171","","","","","","[{""stimulus"":""img/green_ll/1.jpg"",""time"":61},{""stimulus"":""img/green_ll/2.jpg"",""time"":107},{""stimulus"":""img/green_ll/3.jpg"",""time"":154},{""stimulus"":""img/green_ll/4.jpg"",""time"":216},{""stimulus"":""img/green_ll/5.jpg"",""time"":262},{""stimulus"":""img/green_ll/6.jpg"",""time"":309},{""stimulus"":""img/green_ll/7.jpg"",""time"":355},{""stimulus"":""img/green_ll/8.jpg"",""time"":417},{""stimulus"":""img/green_ll/9.jpg"",""time"":464},{""stimulus"":""img/green_ll/10.jpg"",""time"":510},{""stimulus"":""img/green_ll/11.jpg"",""time"":557}]","[]",""
"image-keyboard-response","114","138872","0.0-5.0-1.55","63b6cc23f13731158517f900","bdp_lott","Tue Apr 11 2023 00:49:57 GMT-0600 (Mountain Daylight Time)","362375","green","red","","553","","","","choice","","img/green_ll/choose11.jpg","1","170","green","0.5","0.5","0.5","w","","",""
"animation","115","139473","0.0-5.0-2.55","63b6cc23f13731158517f900","bdp_lott","Tue Apr 11 2023 00:49:57 GMT-0600 (Mountain Daylight Time)","362375","green","red","","","","","","","","","","170","","","","","","[{""stimulus"":""img/green_wl/1.jpg"",""time"":50},{""stimulus"":""img/green_wl/2.jpg"",""time"":100},{""stimulus"":""img/green_wl/3.jpg"",""time"":150},{""stimulus"":""img/green_wl/4.jpg"",""time"":200},{""stimulus"":""img/green_wl/5.jpg"",""time"":250},{""stimulus"":""img/green_wl/6.jpg"",""time"":300},{""stimulus"":""img/green_wl/7.jpg"",""time"":350},{""stimulus"":""img/green_wl/8.jpg"",""time"":400},{""stimulus"":""img/green_wl/9.jpg"",""time"":450},{""stimulus"":""img/green_wl/10.jpg"",""time"":500},{""stimulus"":""img/green_wl/11.jpg"",""time"":550}]","[]",""
"image-keyboard-response","116","140825","0.0-5.0-1.56","63b6cc23f13731158517f900","bdp_lott","Tue Apr 11 2023 00:49:57 GMT-0600 (Mountain Daylight Time)","362375","green","red","","1352","","","","choice","","img/green_wl/choose11.jpg","2","169","red","0.5","0.5","0.5","w","","",""
"animation","117","141425","0.0-5.0-2.56","63b6cc23f13731158517f900","bdp_lott","Tue Apr 11 2023 00:49:57 GMT-0600 (Mountain Daylight Time)","362375","green","red","","","","","","","","","","169","","","","","","[{""stimulus"":""img/red_ww/1.jpg"",""time"":54},{""stimulus"":""img/red_ww/2.jpg"",""time"":100},{""stimulus"":""img/red_ww/3.jpg"",""time"":150},{""stimulus"":""img/red_ww/4.jpg"",""time"":209},{""stimulus"":""img/red_ww/5.jpg"",""time"":251},{""stimulus"":""img/red_ww/6.jpg"",""time"":302},{""stimulus"":""img/red_ww/7.jpg"",""time"":350},{""stimulus"":""img/red_ww/8.jpg"",""time"":400},{""stimulus"":""img/red_ww/9.jpg"",""time"":450},{""stimulus"":""img/red_ww/10.jpg"",""time"":500},{""stimulus"":""img/red_ww/11.jpg"",""time"":550}]","[]",""
"image-keyboard-response","118","142390","0.0-5.0-1.57","63b6cc23f13731158517f900","bdp_lott","Tue Apr 11 2023 00:49:57 GMT-0600 (Mountain Daylight Time)","362375","green","red","","964","","","","choice","","img/red_ww/choose11.jpg","1","168","green","0.5","0.5","0.5","l","","",""
"animation","119","142991","0.0-5.0-2.57","63b6cc23f13731158517f900","bdp_lott","Tue Apr 11 2023 00:49:57 GMT-0600 (Mountain Daylight Time)","362375","green","red","","","","","","","","","","168","","","","","","[{""stimulus"":""img/green_lw/1.jpg"",""time"":53},{""stimulus"":""img/green_lw/2.jpg"",""time"":100},{""stimulus"":""img/green_lw/3.jpg"",""time"":161},{""stimulus"":""img/green_lw/4.jpg"",""time"":208},{""stimulus"":""img/green_lw/5.jpg"",""time"":255},{""stimulus"":""img/green_lw/6.jpg"",""time"":301},{""stimulus"":""img/green_lw/7.jpg"",""time"":363},{""stimulus"":""img/green_lw/8.jpg"",""time"":410},{""stimulus"":""img/green_lw/9.jpg"",""time"":456},{""stimulus"":""img/green_lw/10.jpg"",""time"":503},{""stimulus"":""img/green_lw/11.jpg"",""time"":565}]","[]",""
"image-keyboard-response","120","143862","0.0-5.0-1.58","63b6cc23f13731158517f900","bdp_lott","Tue Apr 11 2023 00:49:57 GMT-0600 (Mountain Daylight Time)","362375","green","red","","871","","","","choice","","img/green_lw/choose11.jpg","2","167","red","0.5","0.5","0.5","l","","",""
"animation","121","144475","0.0-5.0-2.58","63b6cc23f13731158517f900","bdp_lott","Tue Apr 11 2023 00:49:57 GMT-0600 (Mountain Daylight Time)","362375","green","red","","","","","","","","","","167","","","","","","[{""stimulus"":""img/red_ll/1.jpg"",""time"":56},{""stimulus"":""img/red_ll/2.jpg"",""time"":101},{""stimulus"":""img/red_ll/3.jpg"",""time"":151},{""stimulus"":""img/red_ll/4.jpg"",""time"":211},{""stimulus"":""img/red_ll/5.jpg"",""time"":257},{""stimulus"":""img/red_ll/6.jpg"",""time"":301},{""stimulus"":""img/red_ll/7.jpg"",""time"":365},{""stimulus"":""img/red_ll/8.jpg"",""time"":411},{""stimulus"":""img/red_ll/9.jpg"",""time"":458},{""stimulus"":""img/red_ll/10.jpg"",""time"":504},{""stimulus"":""img/red_ll/11.jpg"",""time"":551}]","[]",""
"image-keyboard-response","122","145052","0.0-5.0-1.59","63b6cc23f13731158517f900","bdp_lott","Tue Apr 11 2023 00:49:57 GMT-0600 (Mountain Daylight Time)","362375","green","red","","577","","","","choice","","img/red_ll/choose11.jpg","2","166","red","0.5","0.5","0.5","l","","",""
"animation","123","145652","0.0-5.0-2.59","63b6cc23f13731158517f900","bdp_lott","Tue Apr 11 2023 00:49:57 GMT-0600 (Mountain Daylight Time)","362375","green","red","","","","","","","","","","166","","","","","","[{""stimulus"":""img/red_ll/1.jpg"",""time"":58},{""stimulus"":""img/red_ll/2.jpg"",""time"":100},{""stimulus"":""img/red_ll/3.jpg"",""time"":150},{""stimulus"":""img/red_ll/4.jpg"",""time"":200},{""stimulus"":""img/red_ll/5.jpg"",""time"":250},{""stimulus"":""img/red_ll/6.jpg"",""time"":301},{""stimulus"":""img/red_ll/7.jpg"",""time"":351},{""stimulus"":""img/red_ll/8.jpg"",""time"":401},{""stimulus"":""img/red_ll/9.jpg"",""time"":451},{""stimulus"":""img/red_ll/10.jpg"",""time"":501},{""stimulus"":""img/red_ll/11.jpg"",""time"":551}]","[]",""
"image-keyboard-response","124","146161","0.0-5.0-1.60","63b6cc23f13731158517f900","bdp_lott","Tue Apr 11 2023 00:49:57 GMT-0600 (Mountain Daylight Time)","362375","green","red","","508","","","","choice","","img/red_ll/choose11.jpg","2","165","red","0.5","0.5","0.5","l","","",""
"animation","125","146768","0.0-5.0-2.60","63b6cc23f13731158517f900","bdp_lott","Tue Apr 11 2023 00:49:57 GMT-0600 (Mountain Daylight Time)","362375","green","red","","","","","","","","","","165","","","","","","[{""stimulus"":""img/red_ll/1.jpg"",""time"":65},{""stimulus"":""img/red_ll/2.jpg"",""time"":112},{""stimulus"":""img/red_ll/3.jpg"",""time"":158},{""stimulus"":""img/red_ll/4.jpg"",""time"":205},{""stimulus"":""img/red_ll/5.jpg"",""time"":251},{""stimulus"":""img/red_ll/6.jpg"",""time"":313},{""stimulus"":""img/red_ll/7.jpg"",""time"":360},{""stimulus"":""img/red_ll/8.jpg"",""time"":406},{""stimulus"":""img/red_ll/9.jpg"",""time"":452},{""stimulus"":""img/red_ll/10.jpg"",""time"":515},{""stimulus"":""img/red_ll/11.jpg"",""time"":561}]","[]",""
"image-keyboard-response","126","147113","0.0-5.0-1.61","63b6cc23f13731158517f900","bdp_lott","Tue Apr 11 2023 00:49:57 GMT-0600 (Mountain Daylight Time)","362375","green","red","","345","","","","choice","","img/red_ll/choose11.jpg","1","164","green","0.5","0.5","0.5","w","","",""
"animation","127","147729","0.0-5.0-2.61","63b6cc23f13731158517f900","bdp_lott","Tue Apr 11 2023 00:49:57 GMT-0600 (Mountain Daylight Time)","362375","green","red","","","","","","","","","","164","","","","","","[{""stimulus"":""img/green_wl/1.jpg"",""time"":51},{""stimulus"":""img/green_wl/2.jpg"",""time"":104},{""stimulus"":""img/green_wl/3.jpg"",""time"":151},{""stimulus"":""img/green_wl/4.jpg"",""time"":213},{""stimulus"":""img/green_wl/5.jpg"",""time"":259},{""stimulus"":""img/green_wl/6.jpg"",""time"":306},{""stimulus"":""img/green_wl/7.jpg"",""time"":352},{""stimulus"":""img/green_wl/8.jpg"",""time"":414},{""stimulus"":""img/green_wl/9.jpg"",""time"":461},{""stimulus"":""img/green_wl/10.jpg"",""time"":507},{""stimulus"":""img/green_wl/11.jpg"",""time"":554}]","[]",""
"image-keyboard-response","128","148239","0.0-5.0-1.62","63b6cc23f13731158517f900","bdp_lott","Tue Apr 11 2023 00:49:57 GMT-0600 (Mountain Daylight Time)","362375","green","red","","510","","","","choice","","img/green_wl/choose11.jpg","1","163","green","0.5","0.5","0.5","w","","",""
"animation","129","148845","0.0-5.0-2.62","63b6cc23f13731158517f900","bdp_lott","Tue Apr 11 2023 00:49:57 GMT-0600 (Mountain Daylight Time)","362375","green","red","","","","","","","","","","163","","","","","","[{""stimulus"":""img/green_wl/1.jpg"",""time"":63},{""stimulus"":""img/green_wl/2.jpg"",""time"":110},{""stimulus"":""img/green_wl/3.jpg"",""time"":151},{""stimulus"":""img/green_wl/4.jpg"",""time"":201},{""stimulus"":""img/green_wl/5.jpg"",""time"":251},{""stimulus"":""img/green_wl/6.jpg"",""time"":301},{""stimulus"":""img/green_wl/7.jpg"",""time"":351},{""stimulus"":""img/green_wl/8.jpg"",""time"":401},{""stimulus"":""img/green_wl/9.jpg"",""time"":451},{""stimulus"":""img/green_wl/10.jpg"",""time"":512},{""stimulus"":""img/green_wl/11.jpg"",""time"":551}]","[]",""
"image-keyboard-response","130","149436","0.0-5.0-1.63","63b6cc23f13731158517f900","bdp_lott","Tue Apr 11 2023 00:49:57 GMT-0600 (Mountain Daylight Time)","362375","green","red","","590","","","","choice","","img/green_wl/choose11.jpg","1","162","green","0.5","0.5","0.5","l","","",""
"animation","131","150036","0.0-5.0-2.63","63b6cc23f13731158517f900","bdp_lott","Tue Apr 11 2023 00:49:57 GMT-0600 (Mountain Daylight Time)","362375","green","red","","","","","","","","","","162","","","","","","[{""stimulus"":""img/green_ll/1.jpg"",""time"":60},{""stimulus"":""img/green_ll/2.jpg"",""time"":107},{""stimulus"":""img/green_ll/3.jpg"",""time"":154},{""stimulus"":""img/green_ll/4.jpg"",""time"":212},{""stimulus"":""img/green_ll/5.jpg"",""time"":262},{""stimulus"":""img/green_ll/6.jpg"",""time"":309},{""stimulus"":""img/green_ll/7.jpg"",""time"":355},{""stimulus"":""img/green_ll/8.jpg"",""time"":402},{""stimulus"":""img/green_ll/9.jpg"",""time"":464},{""stimulus"":""img/green_ll/10.jpg"",""time"":510},{""stimulus"":""img/green_ll/11.jpg"",""time"":551}]","[]",""
"image-keyboard-response","132","150666","0.0-5.0-1.64","63b6cc23f13731158517f900","bdp_lott","Tue Apr 11 2023 00:49:57 GMT-0600 (Mountain Daylight Time)","362375","green","red","","629","","","","choice","","img/green_ll/choose11.jpg","1","161","green","0.5","0.5","0.5","l","","",""
"animation","133","151267","0.0-5.0-2.64","63b6cc23f13731158517f900","bdp_lott","Tue Apr 11 2023 00:49:57 GMT-0600 (Mountain Daylight Time)","362375","green","red","","","","","","","","","","161","","","","","","[{""stimulus"":""img/green_ll/1.jpg"",""time"":51},{""stimulus"":""img/green_ll/2.jpg"",""time"":101},{""stimulus"":""img/green_ll/3.jpg"",""time"":163},{""stimulus"":""img/green_ll/4.jpg"",""time"":201},{""stimulus"":""img/green_ll/5.jpg"",""time"":256},{""stimulus"":""img/green_ll/6.jpg"",""time"":301},{""stimulus"":""img/green_ll/7.jpg"",""time"":351},{""stimulus"":""img/green_ll/8.jpg"",""time"":411},{""stimulus"":""img/green_ll/9.jpg"",""time"":451},{""stimulus"":""img/green_ll/10.jpg"",""time"":501},{""stimulus"":""img/green_ll/11.jpg"",""time"":551}]","[]",""
"image-keyboard-response","134","152856","0.0-5.0-1.65","63b6cc23f13731158517f900","bdp_lott","Tue Apr 11 2023 00:49:57 GMT-0600 (Mountain Daylight Time)","362375","green","red","","1589","","","","choice","","img/green_ll/choose11.jpg","1","160","green","0.5","0.5","0.5","l","","",""
"animation","135","153462","0.0-5.0-2.65","63b6cc23f13731158517f900","bdp_lott","Tue Apr 11 2023 00:49:57 GMT-0600 (Mountain Daylight Time)","362375","green","red","","","","","","","","","","160","","","","","","[{""stimulus"":""img/green_ll/1.jpg"",""time"":63},{""stimulus"":""img/green_ll/2.jpg"",""time"":101},{""stimulus"":""img/green_ll/3.jpg"",""time"":151},{""stimulus"":""img/green_ll/4.jpg"",""time"":202},{""stimulus"":""img/green_ll/5.jpg"",""time"":264},{""stimulus"":""img/green_ll/6.jpg"",""time"":311},{""stimulus"":""img/green_ll/7.jpg"",""time"":351},{""stimulus"":""img/green_ll/8.jpg"",""time"":404},{""stimulus"":""img/green_ll/9.jpg"",""time"":451},{""stimulus"":""img/green_ll/10.jpg"",""time"":513},{""stimulus"":""img/green_ll/11.jpg"",""time"":559}]","[]",""
"image-keyboard-response","136","154149","0.0-5.0-1.66","63b6cc23f13731158517f900","bdp_lott","Tue Apr 11 2023 00:49:57 GMT-0600 (Mountain Daylight Time)","362375","green","red","","687","","","","choice","","img/green_ll/choose11.jpg","2","159","red","0.5","0.5","0.5","w","","",""
"animation","137","154764","0.0-5.0-2.66","63b6cc23f13731158517f900","bdp_lott","Tue Apr 11 2023 00:49:57 GMT-0600 (Mountain Daylight Time)","362375","green","red","","","","","","","","","","159","","","","","","[{""stimulus"":""img/red_lw/1.jpg"",""time"":57},{""stimulus"":""img/red_lw/2.jpg"",""time"":100},{""stimulus"":""img/red_lw/3.jpg"",""time"":158},{""stimulus"":""img/red_lw/4.jpg"",""time"":208},{""stimulus"":""img/red_lw/5.jpg"",""time"":258},{""stimulus"":""img/red_lw/6.jpg"",""time"":305},{""stimulus"":""img/red_lw/7.jpg"",""time"":366},{""stimulus"":""img/red_lw/8.jpg"",""time"":413},{""stimulus"":""img/red_lw/9.jpg"",""time"":460},{""stimulus"":""img/red_lw/10.jpg"",""time"":506},{""stimulus"":""img/red_lw/11.jpg"",""time"":553}]","[]",""
"image-keyboard-response","138","155451","0.0-5.0-1.67","63b6cc23f13731158517f900","bdp_lott","Tue Apr 11 2023 00:49:57 GMT-0600 (Mountain Daylight Time)","362375","green","red","","686","","","","choice","","img/red_lw/choose11.jpg","2","158","red","0.5","0.5","0.5","w","","",""
"animation","139","156064","0.0-5.0-2.67","63b6cc23f13731158517f900","bdp_lott","Tue Apr 11 2023 00:49:57 GMT-0600 (Mountain Daylight Time)","362375","green","red","","","","","","","","","","158","","","","","","[{""stimulus"":""img/red_lw/1.jpg"",""time"":57},{""stimulus"":""img/red_lw/2.jpg"",""time"":103},{""stimulus"":""img/red_lw/3.jpg"",""time"":155},{""stimulus"":""img/red_lw/4.jpg"",""time"":211},{""stimulus"":""img/red_lw/5.jpg"",""time"":257},{""stimulus"":""img/red_lw/6.jpg"",""time"":304},{""stimulus"":""img/red_lw/7.jpg"",""time"":365},{""stimulus"":""img/red_lw/8.jpg"",""time"":411},{""stimulus"":""img/red_lw/9.jpg"",""time"":458},{""stimulus"":""img/red_lw/10.jpg"",""time"":504},{""stimulus"":""img/red_lw/11.jpg"",""time"":551}]","[]",""
"image-keyboard-response","140","156601","0.0-5.0-1.68","63b6cc23f13731158517f900","bdp_lott","Tue Apr 11 2023 00:49:57 GMT-0600 (Mountain Daylight Time)","362375","green","red","","537","","","","choice","","img/red_lw/choose11.jpg","2","157","red","0.5","0.5","0.5","l","","",""
"animation","141","157201","0.0-5.0-2.68","63b6cc23f13731158517f900","bdp_lott","Tue Apr 11 2023 00:49:57 GMT-0600 (Mountain Daylight Time)","362375","green","red","","","","","","","","","","157","","","","","","[{""stimulus"":""img/red_ll/1.jpg"",""time"":52},{""stimulus"":""img/red_ll/2.jpg"",""time"":100},{""stimulus"":""img/red_ll/3.jpg"",""time"":160},{""stimulus"":""img/red_ll/4.jpg"",""time"":200},{""stimulus"":""img/red_ll/5.jpg"",""time"":250},{""stimulus"":""img/red_ll/6.jpg"",""time"":300},{""stimulus"":""img/red_ll/7.jpg"",""time"":350},{""stimulus"":""img/red_ll/8.jpg"",""time"":400},{""stimulus"":""img/red_ll/9.jpg"",""time"":450},{""stimulus"":""img/red_ll/10.jpg"",""time"":500},{""stimulus"":""img/red_ll/11.jpg"",""time"":550}]","[]",""
"image-keyboard-response","142","157550","0.0-5.0-1.69","63b6cc23f13731158517f900","bdp_lott","Tue Apr 11 2023 00:49:57 GMT-0600 (Mountain Daylight Time)","362375","green","red","","349","","","","choice","","img/red_ll/choose11.jpg","1","156","green","0.5","0.5","0.5","w","","",""
"animation","143","158150","0.0-5.0-2.69","63b6cc23f13731158517f900","bdp_lott","Tue Apr 11 2023 00:49:57 GMT-0600 (Mountain Daylight Time)","362375","green","red","","","","","","","","","","156","","","","","","[{""stimulus"":""img/green_wl/1.jpg"",""time"":50},{""stimulus"":""img/green_wl/2.jpg"",""time"":100},{""stimulus"":""img/green_wl/3.jpg"",""time"":150},{""stimulus"":""img/green_wl/4.jpg"",""time"":200},{""stimulus"":""img/green_wl/5.jpg"",""time"":250},{""stimulus"":""img/green_wl/6.jpg"",""time"":300},{""stimulus"":""img/green_wl/7.jpg"",""time"":350},{""stimulus"":""img/green_wl/8.jpg"",""time"":405},{""stimulus"":""img/green_wl/9.jpg"",""time"":450},{""stimulus"":""img/green_wl/10.jpg"",""time"":500},{""stimulus"":""img/green_wl/11.jpg"",""time"":550}]","[]",""
"image-keyboard-response","144","158739","0.0-5.0-1.70","63b6cc23f13731158517f900","bdp_lott","Tue Apr 11 2023 00:49:57 GMT-0600 (Mountain Daylight Time)","362375","green","red","","589","","","","choice","","img/green_wl/choose11.jpg","1","155","green","0.5","0.5","0.5","w","","",""
"animation","145","159339","0.0-5.0-2.70","63b6cc23f13731158517f900","bdp_lott","Tue Apr 11 2023 00:49:57 GMT-0600 (Mountain Daylight Time)","362375","green","red","","","","","","","","","","155","","","","","","[{""stimulus"":""img/green_wl/1.jpg"",""time"":54},{""stimulus"":""img/green_wl/2.jpg"",""time"":101},{""stimulus"":""img/green_wl/3.jpg"",""time"":150},{""stimulus"":""img/green_wl/4.jpg"",""time"":200},{""stimulus"":""img/green_wl/5.jpg"",""time"":250},{""stimulus"":""img/green_wl/6.jpg"",""time"":300},{""stimulus"":""img/green_wl/7.jpg"",""time"":351},{""stimulus"":""img/green_wl/8.jpg"",""time"":401},{""stimulus"":""img/green_wl/9.jpg"",""time"":451},{""stimulus"":""img/green_wl/10.jpg"",""time"":501},{""stimulus"":""img/green_wl/11.jpg"",""time"":551}]","[]",""
"image-keyboard-response","146","159853","0.0-5.0-1.71","63b6cc23f13731158517f900","bdp_lott","Tue Apr 11 2023 00:49:57 GMT-0600 (Mountain Daylight Time)","362375","green","red","","513","","","","choice","","img/green_wl/choose11.jpg","1","154","green","0.5","0.5","0.5","w","","",""
"animation","147","160454","0.0-5.0-2.71","63b6cc23f13731158517f900","bdp_lott","Tue Apr 11 2023 00:49:57 GMT-0600 (Mountain Daylight Time)","362375","green","red","","","","","","","","","","154","","","","","","[{""stimulus"":""img/green_wl/1.jpg"",""time"":51},{""stimulus"":""img/green_wl/2.jpg"",""time"":101},{""stimulus"":""img/green_wl/3.jpg"",""time"":151},{""stimulus"":""img/green_wl/4.jpg"",""time"":210},{""stimulus"":""img/green_wl/5.jpg"",""time"":251},{""stimulus"":""img/green_wl/6.jpg"",""time"":301},{""stimulus"":""img/green_wl/7.jpg"",""time"":351},{""stimulus"":""img/green_wl/8.jpg"",""time"":401},{""stimulus"":""img/green_wl/9.jpg"",""time"":451},{""stimulus"":""img/green_wl/10.jpg"",""time"":504},{""stimulus"":""img/green_wl/11.jpg"",""time"":551}]","[]",""
"image-keyboard-response","148","161168","0.0-5.0-1.72","63b6cc23f13731158517f900","bdp_lott","Tue Apr 11 2023 00:49:57 GMT-0600 (Mountain Daylight Time)","362375","green","red","","714","","","","choice","","img/green_wl/choose11.jpg","1","153","green","0.5","0.5","0.5","w","","",""
"animation","149","161783","0.0-5.0-2.72","63b6cc23f13731158517f900","bdp_lott","Tue Apr 11 2023 00:49:57 GMT-0600 (Mountain Daylight Time)","362375","green","red","","","","","","","","","","153","","","","","","[{""stimulus"":""img/green_wl/1.jpg"",""time"":57},{""stimulus"":""img/green_wl/2.jpg"",""time"":104},{""stimulus"":""img/green_wl/3.jpg"",""time"":166},{""stimulus"":""img/green_wl/4.jpg"",""time"":212},{""stimulus"":""img/green_wl/5.jpg"",""time"":258},{""stimulus"":""img/green_wl/6.jpg"",""time"":305},{""stimulus"":""img/green_wl/7.jpg"",""time"":352},{""stimulus"":""img/green_wl/8.jpg"",""time"":414},{""stimulus"":""img/green_wl/9.jpg"",""time"":460},{""stimulus"":""img/green_wl/10.jpg"",""time"":507},{""stimulus"":""img/green_wl/11.jpg"",""time"":553}]","[]",""
"image-keyboard-response","150","162414","0.0-5.0-1.73","63b6cc23f13731158517f900","bdp_lott","Tue Apr 11 2023 00:49:57 GMT-0600 (Mountain Daylight Time)","362375","green","red","","631","","","","choice","","img/green_wl/choose11.jpg","1","152","green","0.5","0.5","0.5","l","","",""
"animation","151","163014","0.0-5.0-2.73","63b6cc23f13731158517f900","bdp_lott","Tue Apr 11 2023 00:49:57 GMT-0600 (Mountain Daylight Time)","362375","green","red","","","","","","","","","","152","","","","","","[{""stimulus"":""img/green_ll/1.jpg"",""time"":51},{""stimulus"":""img/green_ll/2.jpg"",""time"":114},{""stimulus"":""img/green_ll/3.jpg"",""time"":161},{""stimulus"":""img/green_ll/4.jpg"",""time"":207},{""stimulus"":""img/green_ll/5.jpg"",""time"":250},{""stimulus"":""img/green_ll/6.jpg"",""time"":300},{""stimulus"":""img/green_ll/7.jpg"",""time"":350},{""stimulus"":""img/green_ll/8.jpg"",""time"":400},{""stimulus"":""img/green_ll/9.jpg"",""time"":450},{""stimulus"":""img/green_ll/10.jpg"",""time"":500},{""stimulus"":""img/green_ll/11.jpg"",""time"":550}]","[]",""
"image-keyboard-response","152","163686","0.0-5.0-1.74","63b6cc23f13731158517f900","bdp_lott","Tue Apr 11 2023 00:49:57 GMT-0600 (Mountain Daylight Time)","362375","green","red","","671","","","","choice","","img/green_ll/choose11.jpg","2","151","red","0.5","0.5","0.5","w","","",""
"animation","153","164293","0.0-5.0-2.74","63b6cc23f13731158517f900","bdp_lott","Tue Apr 11 2023 00:49:57 GMT-0600 (Mountain Daylight Time)","362375","green","red","","","","","","","","","","151","","","","","","[{""stimulus"":""img/red_lw/1.jpg"",""time"":66},{""stimulus"":""img/red_lw/2.jpg"",""time"":101},{""stimulus"":""img/red_lw/3.jpg"",""time"":151},{""stimulus"":""img/red_lw/4.jpg"",""time"":201},{""stimulus"":""img/red_lw/5.jpg"",""time"":251},{""stimulus"":""img/red_lw/6.jpg"",""time"":314},{""stimulus"":""img/red_lw/7.jpg"",""time"":360},{""stimulus"":""img/red_lw/8.jpg"",""time"":407},{""stimulus"":""img/red_lw/9.jpg"",""time"":452},{""stimulus"":""img/red_lw/10.jpg"",""time"":514},{""stimulus"":""img/red_lw/11.jpg"",""time"":561}]","[]",""
"image-keyboard-response","154","164938","0.0-5.0-1.75","63b6cc23f13731158517f900","bdp_lott","Tue Apr 11 2023 00:49:57 GMT-0600 (Mountain Daylight Time)","362375","green","red","","645","","","","choice","","img/red_lw/choose11.jpg","2","150","red","0.5","0.5","0.5","l","","",""
"animation","155","165548","0.0-5.0-2.75","63b6cc23f13731158517f900","bdp_lott","Tue Apr 11 2023 00:49:57 GMT-0600 (Mountain Daylight Time)","362375","green","red","","","","","","","","","","150","","","","","","[{""stimulus"":""img/red_ll/1.jpg"",""time"":52},{""stimulus"":""img/red_ll/2.jpg"",""time"":113},{""stimulus"":""img/red_ll/3.jpg"",""time"":160},{""stimulus"":""img/red_ll/4.jpg"",""time"":206},{""stimulus"":""img/red_ll/5.jpg"",""time"":253},{""stimulus"":""img/red_ll/6.jpg"",""time"":315},{""stimulus"":""img/red_ll/7.jpg"",""time"":362},{""stimulus"":""img/red_ll/8.jpg"",""time"":408},{""stimulus"":""img/red_ll/9.jpg"",""time"":455},{""stimulus"":""img/red_ll/10.jpg"",""time"":501},{""stimulus"":""img/red_ll/11.jpg"",""time"":563}]","[]",""
"image-keyboard-response","156","166039","0.0-5.0-1.76","63b6cc23f13731158517f900","bdp_lott","Tue Apr 11 2023 00:49:57 GMT-0600 (Mountain Daylight Time)","362375","green","red","","491","","","","choice","","img/red_ll/choose11.jpg","2","149","red","0.5","0.1","0.1","w","","",""
"animation","157","166647","0.0-5.0-2.76","63b6cc23f13731158517f900","bdp_lott","Tue Apr 11 2023 00:49:57 GMT-0600 (Mountain Daylight Time)","362375","green","red","","","","","","","","","","149","","","","","","[{""stimulus"":""img/red_lw/1.jpg"",""time"":66},{""stimulus"":""img/red_lw/2.jpg"",""time"":113},{""stimulus"":""img/red_lw/3.jpg"",""time"":159},{""stimulus"":""img/red_lw/4.jpg"",""time"":205},{""stimulus"":""img/red_lw/5.jpg"",""time"":251},{""stimulus"":""img/red_lw/6.jpg"",""time"":314},{""stimulus"":""img/red_lw/7.jpg"",""time"":361},{""stimulus"":""img/red_lw/8.jpg"",""time"":407},{""stimulus"":""img/red_lw/9.jpg"",""time"":453},{""stimulus"":""img/red_lw/10.jpg"",""time"":516},{""stimulus"":""img/red_lw/11.jpg"",""time"":563}]","[]",""
"image-keyboard-response","158","167593","0.0-5.0-1.77","63b6cc23f13731158517f900","bdp_lott","Tue Apr 11 2023 00:49:57 GMT-0600 (Mountain Daylight Time)","362375","green","red","","945","","","","choice","","img/red_lw/choose11.jpg","1","148","green","0.5","0.1","0.5","w","","",""
"animation","159","168197","0.0-5.0-2.77","63b6cc23f13731158517f900","bdp_lott","Tue Apr 11 2023 00:49:57 GMT-0600 (Mountain Daylight Time)","362375","green","red","","","","","","","","","","148","","","","","","[{""stimulus"":""img/green_ww/1.jpg"",""time"":62},{""stimulus"":""img/green_ww/2.jpg"",""time"":107},{""stimulus"":""img/green_ww/3.jpg"",""time"":154},{""stimulus"":""img/green_ww/4.jpg"",""time"":215},{""stimulus"":""img/green_ww/5.jpg"",""time"":262},{""stimulus"":""img/green_ww/6.jpg"",""time"":308},{""stimulus"":""img/green_ww/7.jpg"",""time"":355},{""stimulus"":""img/green_ww/8.jpg"",""time"":402},{""stimulus"":""img/green_ww/9.jpg"",""time"":464},{""stimulus"":""img/green_ww/10.jpg"",""time"":510},{""stimulus"":""img/green_ww/11.jpg"",""time"":557}]","[]",""
"image-keyboard-response","160","169399","0.0-5.0-1.78","63b6cc23f13731158517f900","bdp_lott","Tue Apr 11 2023 00:49:57 GMT-0600 (Mountain Daylight Time)","362375","green","red","","1202","","","","choice","","img/green_ww/choose11.jpg","2","147","red","0.5","0.1","0.1","l","","",""
"animation","161","170000","0.0-5.0-2.78","63b6cc23f13731158517f900","bdp_lott","Tue Apr 11 2023 00:49:57 GMT-0600 (Mountain Daylight Time)","362375","green","red","","","","","","","","","","147","","","","","","[{""stimulus"":""img/red_wl/1.jpg"",""time"":52},{""stimulus"":""img/red_wl/2.jpg"",""time"":114},{""stimulus"":""img/red_wl/3.jpg"",""time"":150},{""stimulus"":""img/red_wl/4.jpg"",""time"":200},{""stimulus"":""img/red_wl/5.jpg"",""time"":250},{""stimulus"":""img/red_wl/6.jpg"",""time"":300},{""stimulus"":""img/red_wl/7.jpg"",""time"":350},{""stimulus"":""img/red_wl/8.jpg"",""time"":400},{""stimulus"":""img/red_wl/9.jpg"",""time"":450},{""stimulus"":""img/red_wl/10.jpg"",""time"":500},{""stimulus"":""img/red_wl/11.jpg"",""time"":550}]","[]",""
"image-keyboard-response","162","170610","0.0-5.0-1.79","63b6cc23f13731158517f900","bdp_lott","Tue Apr 11 2023 00:49:57 GMT-0600 (Mountain Daylight Time)","362375","green","red","","610","","","","choice","","img/red_wl/choose11.jpg","2","146","red","0.5","0.1","0.1","l","","",""
"animation","163","171210","0.0-5.0-2.79","63b6cc23f13731158517f900","bdp_lott","Tue Apr 11 2023 00:49:57 GMT-0600 (Mountain Daylight Time)","362375","green","red","","","","","","","","","","146","","","","","","[{""stimulus"":""img/red_wl/1.jpg"",""time"":52},{""stimulus"":""img/red_wl/2.jpg"",""time"":100},{""stimulus"":""img/red_wl/3.jpg"",""time"":150},{""stimulus"":""img/red_wl/4.jpg"",""time"":200},{""stimulus"":""img/red_wl/5.jpg"",""time"":250},{""stimulus"":""img/red_wl/6.jpg"",""time"":300},{""stimulus"":""img/red_wl/7.jpg"",""time"":350},{""stimulus"":""img/red_wl/8.jpg"",""time"":400},{""stimulus"":""img/red_wl/9.jpg"",""time"":450},{""stimulus"":""img/red_wl/10.jpg"",""time"":501},{""stimulus"":""img/red_wl/11.jpg"",""time"":550}]","[]",""
"image-keyboard-response","164","171690","0.0-5.0-1.80","63b6cc23f13731158517f900","bdp_lott","Tue Apr 11 2023 00:49:57 GMT-0600 (Mountain Daylight Time)","362375","green","red","","479","","","","choice","","img/red_wl/choose11.jpg","1","145","green","0.5","0.1","0.5","w","","",""
"animation","165","172291","0.0-5.0-2.80","63b6cc23f13731158517f900","bdp_lott","Tue Apr 11 2023 00:49:57 GMT-0600 (Mountain Daylight Time)","362375","green","red","","","","","","","","","","145","","","","","","[{""stimulus"":""img/green_wl/1.jpg"",""time"":57},{""stimulus"":""img/green_wl/2.jpg"",""time"":103},{""stimulus"":""img/green_wl/3.jpg"",""time"":151},{""stimulus"":""img/green_wl/4.jpg"",""time"":201},{""stimulus"":""img/green_wl/5.jpg"",""time"":251},{""stimulus"":""img/green_wl/6.jpg"",""time"":301},{""stimulus"":""img/green_wl/7.jpg"",""time"":351},{""stimulus"":""img/green_wl/8.jpg"",""time"":401},{""stimulus"":""img/green_wl/9.jpg"",""time"":451},{""stimulus"":""img/green_wl/10.jpg"",""time"":506},{""stimulus"":""img/green_wl/11.jpg"",""time"":551}]","[]",""
"image-keyboard-response","166","173309","0.0-5.0-1.81","63b6cc23f13731158517f900","bdp_lott","Tue Apr 11 2023 00:49:57 GMT-0600 (Mountain Daylight Time)","362375","green","red","","1018","","","","choice","","img/green_wl/choose11.jpg","1","144","green","0.5","0.1","0.5","l","","",""
"animation","167","173916","0.0-5.0-2.81","63b6cc23f13731158517f900","bdp_lott","Tue Apr 11 2023 00:49:57 GMT-0600 (Mountain Daylight Time)","362375","green","red","","","","","","","","","","144","","","","","","[{""stimulus"":""img/green_ll/1.jpg"",""time"":64},{""stimulus"":""img/green_ll/2.jpg"",""time"":110},{""stimulus"":""img/green_ll/3.jpg"",""time"":157},{""stimulus"":""img/green_ll/4.jpg"",""time"":201},{""stimulus"":""img/green_ll/5.jpg"",""time"":251},{""stimulus"":""img/green_ll/6.jpg"",""time"":312},{""stimulus"":""img/green_ll/7.jpg"",""time"":359},{""stimulus"":""img/green_ll/8.jpg"",""time"":405},{""stimulus"":""img/green_ll/9.jpg"",""time"":452},{""stimulus"":""img/green_ll/10.jpg"",""time"":514},{""stimulus"":""img/green_ll/11.jpg"",""time"":560}]","[]",""
"image-keyboard-response","168","174945","0.0-5.0-1.82","63b6cc23f13731158517f900","bdp_lott","Tue Apr 11 2023 00:49:57 GMT-0600 (Mountain Daylight Time)","362375","green","red","","1029","","","","choice","","img/green_ll/choose11.jpg","2","143","red","0.5","0.1","0.1","l","","",""
"animation","169","175545","0.0-5.0-2.82","63b6cc23f13731158517f900","bdp_lott","Tue Apr 11 2023 00:49:57 GMT-0600 (Mountain Daylight Time)","362375","green","red","","","","","","","","","","143","","","","","","[{""stimulus"":""img/red_ll/1.jpg"",""time"":57},{""stimulus"":""img/red_ll/2.jpg"",""time"":103},{""stimulus"":""img/red_ll/3.jpg"",""time"":150},{""stimulus"":""img/red_ll/4.jpg"",""time"":201},{""stimulus"":""img/red_ll/5.jpg"",""time"":250},{""stimulus"":""img/red_ll/6.jpg"",""time"":301},{""stimulus"":""img/red_ll/7.jpg"",""time"":351},{""stimulus"":""img/red_ll/8.jpg"",""time"":401},{""stimulus"":""img/red_ll/9.jpg"",""time"":451},{""stimulus"":""img/red_ll/10.jpg"",""time"":506},{""stimulus"":""img/red_ll/11.jpg"",""time"":551}]","[]",""
"image-keyboard-response","170","176808","0.0-5.0-1.83","63b6cc23f13731158517f900","bdp_lott","Tue Apr 11 2023 00:49:57 GMT-0600 (Mountain Daylight Time)","362375","green","red","","1262","","","","choice","","img/red_ll/choose11.jpg","2","142","red","0.5","0.1","0.1","l","","",""
"animation","171","177417","0.0-5.0-2.83","63b6cc23f13731158517f900","bdp_lott","Tue Apr 11 2023 00:49:57 GMT-0600 (Mountain Daylight Time)","362375","green","red","","","","","","","","","","142","","","","","","[{""stimulus"":""img/red_ll/1.jpg"",""time"":51},{""stimulus"":""img/red_ll/2.jpg"",""time"":115},{""stimulus"":""img/red_ll/3.jpg"",""time"":161},{""stimulus"":""img/red_ll/4.jpg"",""time"":208},{""stimulus"":""img/red_ll/5.jpg"",""time"":254},{""stimulus"":""img/red_ll/6.jpg"",""time"":315},{""stimulus"":""img/red_ll/7.jpg"",""time"":362},{""stimulus"":""img/red_ll/8.jpg"",""time"":408},{""stimulus"":""img/red_ll/9.jpg"",""time"":455},{""stimulus"":""img/red_ll/10.jpg"",""time"":501},{""stimulus"":""img/red_ll/11.jpg"",""time"":562}]","[]",""
"image-keyboard-response","172","177770","0.0-5.0-1.84","63b6cc23f13731158517f900","bdp_lott","Tue Apr 11 2023 00:49:57 GMT-0600 (Mountain Daylight Time)","362375","green","red","","353","","","","choice","","img/red_ll/choose11.jpg","1","141","green","0.5","0.1","0.5","w","","",""
"animation","173","178371","0.0-5.0-2.84","63b6cc23f13731158517f900","bdp_lott","Tue Apr 11 2023 00:49:57 GMT-0600 (Mountain Daylight Time)","362375","green","red","","","","","","","","","","141","","","","","","[{""stimulus"":""img/green_wl/1.jpg"",""time"":65},{""stimulus"":""img/green_wl/2.jpg"",""time"":112},{""stimulus"":""img/green_wl/3.jpg"",""time"":151},{""stimulus"":""img/green_wl/4.jpg"",""time"":201},{""stimulus"":""img/green_wl/5.jpg"",""time"":251},{""stimulus"":""img/green_wl/6.jpg"",""time"":313},{""stimulus"":""img/green_wl/7.jpg"",""time"":351},{""stimulus"":""img/green_wl/8.jpg"",""time"":401},{""stimulus"":""img/green_wl/9.jpg"",""time"":451},{""stimulus"":""img/green_wl/10.jpg"",""time"":515},{""stimulus"":""img/green_wl/11.jpg"",""time"":551}]","[]",""
"image-keyboard-response","174","179228","0.0-5.0-1.85","63b6cc23f13731158517f900","bdp_lott","Tue Apr 11 2023 00:49:57 GMT-0600 (Mountain Daylight Time)","362375","green","red","","857","","","","choice","","img/green_wl/choose11.jpg","1","140","green","0.5","0.1","0.5","w","","",""
"animation","175","179835","0.0-5.0-2.85","63b6cc23f13731158517f900","bdp_lott","Tue Apr 11 2023 00:49:57 GMT-0600 (Mountain Daylight Time)","362375","green","red","","","","","","","","","","140","","","","","","[{""stimulus"":""img/green_wl/1.jpg"",""time"":65},{""stimulus"":""img/green_wl/2.jpg"",""time"":112},{""stimulus"":""img/green_wl/3.jpg"",""time"":157},{""stimulus"":""img/green_wl/4.jpg"",""time"":203},{""stimulus"":""img/green_wl/5.jpg"",""time"":267},{""stimulus"":""img/green_wl/6.jpg"",""time"":313},{""stimulus"":""img/green_wl/7.jpg"",""time"":360},{""stimulus"":""img/green_wl/8.jpg"",""time"":406},{""stimulus"":""img/green_wl/9.jpg"",""time"":453},{""stimulus"":""img/green_wl/10.jpg"",""time"":515},{""stimulus"":""img/green_wl/11.jpg"",""time"":561}]","[]",""
"image-keyboard-response","176","180648","0.0-5.0-1.86","63b6cc23f13731158517f900","bdp_lott","Tue Apr 11 2023 00:49:57 GMT-0600 (Mountain Daylight Time)","362375","green","red","","812","","","","choice","","img/green_wl/choose11.jpg","1","139","green","0.5","0.1","0.5","w","","",""
"animation","177","181249","0.0-5.0-2.86","63b6cc23f13731158517f900","bdp_lott","Tue Apr 11 2023 00:49:57 GMT-0600 (Mountain Daylight Time)","362375","green","red","","","","","","","","","","139","","","","","","[{""stimulus"":""img/green_wl/1.jpg"",""time"":50},{""stimulus"":""img/green_wl/2.jpg"",""time"":100},{""stimulus"":""img/green_wl/3.jpg"",""time"":163},{""stimulus"":""img/green_wl/4.jpg"",""time"":200},{""stimulus"":""img/green_wl/5.jpg"",""time"":250},{""stimulus"":""img/green_wl/6.jpg"",""time"":303},{""stimulus"":""img/green_wl/7.jpg"",""time"":350},{""stimulus"":""img/green_wl/8.jpg"",""time"":400},{""stimulus"":""img/green_wl/9.jpg"",""time"":450},{""stimulus"":""img/green_wl/10.jpg"",""time"":500},{""stimulus"":""img/green_wl/11.jpg"",""time"":551}]","[]",""
"image-keyboard-response","178","182091","0.0-5.0-1.87","63b6cc23f13731158517f900","bdp_lott","Tue Apr 11 2023 00:49:57 GMT-0600 (Mountain Daylight Time)","362375","green","red","","842","","","","choice","","img/green_wl/choose11.jpg","1","138","green","0.5","0.1","0.5","l","","",""
"animation","179","182692","0.0-5.0-2.87","63b6cc23f13731158517f900","bdp_lott","Tue Apr 11 2023 00:49:57 GMT-0600 (Mountain Daylight Time)","362375","green","red","","","","","","","","","","138","","","","","","[{""stimulus"":""img/green_ll/1.jpg"",""time"":53},{""stimulus"":""img/green_ll/2.jpg"",""time"":100},{""stimulus"":""img/green_ll/3.jpg"",""time"":150},{""stimulus"":""img/green_ll/4.jpg"",""time"":209},{""stimulus"":""img/green_ll/5.jpg"",""time"":256},{""stimulus"":""img/green_ll/6.jpg"",""time"":302},{""stimulus"":""img/green_ll/7.jpg"",""time"":364},{""stimulus"":""img/green_ll/8.jpg"",""time"":410},{""stimulus"":""img/green_ll/9.jpg"",""time"":456},{""stimulus"":""img/green_ll/10.jpg"",""time"":503},{""stimulus"":""img/green_ll/11.jpg"",""time"":565}]","[]",""
"image-keyboard-response","180","184459","0.0-5.0-1.88","63b6cc23f13731158517f900","bdp_lott","Tue Apr 11 2023 00:49:57 GMT-0600 (Mountain Daylight Time)","362375","green","red","","1767","","","","choice","","img/green_ll/choose11.jpg","2","137","red","0.5","0.1","0.1","l","","",""
"animation","181","185060","0.0-5.0-2.88","63b6cc23f13731158517f900","bdp_lott","Tue Apr 11 2023 00:49:57 GMT-0600 (Mountain Daylight Time)","362375","green","red","","","","","","","","","","137","","","","","","[{""stimulus"":""img/red_ll/1.jpg"",""time"":50},{""stimulus"":""img/red_ll/2.jpg"",""time"":105},{""stimulus"":""img/red_ll/3.jpg"",""time"":152},{""stimulus"":""img/red_ll/4.jpg"",""time"":200},{""stimulus"":""img/red_ll/5.jpg"",""time"":260},{""stimulus"":""img/red_ll/6.jpg"",""time"":300},{""stimulus"":""img/red_ll/7.jpg"",""time"":350},{""stimulus"":""img/red_ll/8.jpg"",""time"":400},{""stimulus"":""img/red_ll/9.jpg"",""time"":450},{""stimulus"":""img/red_ll/10.jpg"",""time"":508},{""stimulus"":""img/red_ll/11.jpg"",""time"":550}]","[]",""
"image-keyboard-response","182","185506","0.0-5.0-1.89","63b6cc23f13731158517f900","bdp_lott","Tue Apr 11 2023 00:49:57 GMT-0600 (Mountain Daylight Time)","362375","green","red","","446","","","","choice","","img/red_ll/choose11.jpg","2","136","red","0.5","0.1","0.1","l","","",""
"animation","183","186114","0.0-5.0-2.89","63b6cc23f13731158517f900","bdp_lott","Tue Apr 11 2023 00:49:57 GMT-0600 (Mountain Daylight Time)","362375","green","red","","","","","","","","","","136","","","","","","[{""stimulus"":""img/red_ll/1.jpg"",""time"":50},{""stimulus"":""img/red_ll/2.jpg"",""time"":110},{""stimulus"":""img/red_ll/3.jpg"",""time"":158},{""stimulus"":""img/red_ll/4.jpg"",""time"":204},{""stimulus"":""img/red_ll/5.jpg"",""time"":251},{""stimulus"":""img/red_ll/6.jpg"",""time"":313},{""stimulus"":""img/red_ll/7.jpg"",""time"":359},{""stimulus"":""img/red_ll/8.jpg"",""time"":406},{""stimulus"":""img/red_ll/9.jpg"",""time"":452},{""stimulus"":""img/red_ll/10.jpg"",""time"":514},{""stimulus"":""img/red_ll/11.jpg"",""time"":561}]","[]",""
"image-keyboard-response","184","186497","0.0-5.0-1.90","63b6cc23f13731158517f900","bdp_lott","Tue Apr 11 2023 00:49:57 GMT-0600 (Mountain Daylight Time)","362375","green","red","","382","","","","choice","","img/red_ll/choose11.jpg","1","135","green","0.5","0.1","0.5","l","","",""
"animation","185","187106","0.0-5.0-2.90","63b6cc23f13731158517f900","bdp_lott","Tue Apr 11 2023 00:49:57 GMT-0600 (Mountain Daylight Time)","362375","green","red","","","","","","","","","","135","","","","","","[{""stimulus"":""img/green_ll/1.jpg"",""time"":50},{""stimulus"":""img/green_ll/2.jpg"",""time"":114},{""stimulus"":""img/green_ll/3.jpg"",""time"":151},{""stimulus"":""img/green_ll/4.jpg"",""time"":200},{""stimulus"":""img/green_ll/5.jpg"",""time"":250},{""stimulus"":""img/green_ll/6.jpg"",""time"":300},{""stimulus"":""img/green_ll/7.jpg"",""time"":350},{""stimulus"":""img/green_ll/8.jpg"",""time"":401},{""stimulus"":""img/green_ll/9.jpg"",""time"":451},{""stimulus"":""img/green_ll/10.jpg"",""time"":502},{""stimulus"":""img/green_ll/11.jpg"",""time"":551}]","[]",""
"image-keyboard-response","186","187566","0.0-5.0-1.91","63b6cc23f13731158517f900","bdp_lott","Tue Apr 11 2023 00:49:57 GMT-0600 (Mountain Daylight Time)","362375","green","red","","459","","","","choice","","img/green_ll/choose11.jpg","1","134","green","0.5","0.1","0.5","l","","",""
"animation","187","188175","0.0-5.0-2.91","63b6cc23f13731158517f900","bdp_lott","Tue Apr 11 2023 00:49:57 GMT-0600 (Mountain Daylight Time)","362375","green","red","","","","","","","","","","134","","","","","","[{""stimulus"":""img/green_ll/1.jpg"",""time"":53},{""stimulus"":""img/green_ll/2.jpg"",""time"":115},{""stimulus"":""img/green_ll/3.jpg"",""time"":161},{""stimulus"":""img/green_ll/4.jpg"",""time"":208},{""stimulus"":""img/green_ll/5.jpg"",""time"":254},{""stimulus"":""img/green_ll/6.jpg"",""time"":316},{""stimulus"":""img/green_ll/7.jpg"",""time"":363},{""stimulus"":""img/green_ll/8.jpg"",""time"":409},{""stimulus"":""img/green_ll/9.jpg"",""time"":455},{""stimulus"":""img/green_ll/10.jpg"",""time"":501},{""stimulus"":""img/green_ll/11.jpg"",""time"":563}]","[]",""
"image-keyboard-response","188","188989","0.0-5.0-1.92","63b6cc23f13731158517f900","bdp_lott","Tue Apr 11 2023 00:49:57 GMT-0600 (Mountain Daylight Time)","362375","green","red","","814","","","","choice","","img/green_ll/choose11.jpg","2","133","red","0.5","0.1","0.1","l","","",""
"animation","189","189600","0.0-5.0-2.92","63b6cc23f13731158517f900","bdp_lott","Tue Apr 11 2023 00:49:57 GMT-0600 (Mountain Daylight Time)","362375","green","red","","","","","","","","","","133","","","","","","[{""stimulus"":""img/red_ll/1.jpg"",""time"":54},{""stimulus"":""img/red_ll/2.jpg"",""time"":115},{""stimulus"":""img/red_ll/3.jpg"",""time"":161},{""stimulus"":""img/red_ll/4.jpg"",""time"":208},{""stimulus"":""img/red_ll/5.jpg"",""time"":255},{""stimulus"":""img/red_ll/6.jpg"",""time"":301},{""stimulus"":""img/red_ll/7.jpg"",""time"":350},{""stimulus"":""img/red_ll/8.jpg"",""time"":400},{""stimulus"":""img/red_ll/9.jpg"",""time"":450},{""stimulus"":""img/red_ll/10.jpg"",""time"":500},{""stimulus"":""img/red_ll/11.jpg"",""time"":564}]","[]",""
"image-keyboard-response","190","190064","0.0-5.0-1.93","63b6cc23f13731158517f900","bdp_lott","Tue Apr 11 2023 00:49:57 GMT-0600 (Mountain Daylight Time)","362375","green","red","","463","","","","choice","","img/red_ll/choose11.jpg","2","132","red","0.5","0.1","0.1","l","","",""
"animation","191","190665","0.0-5.0-2.93","63b6cc23f13731158517f900","bdp_lott","Tue Apr 11 2023 00:49:57 GMT-0600 (Mountain Daylight Time)","362375","green","red","","","","","","","","","","132","","","","","","[{""stimulus"":""img/red_ll/1.jpg"",""time"":61},{""stimulus"":""img/red_ll/2.jpg"",""time"":101},{""stimulus"":""img/red_ll/3.jpg"",""time"":155},{""stimulus"":""img/red_ll/4.jpg"",""time"":200},{""stimulus"":""img/red_ll/5.jpg"",""time"":250},{""stimulus"":""img/red_ll/6.jpg"",""time"":300},{""stimulus"":""img/red_ll/7.jpg"",""time"":350},{""stimulus"":""img/red_ll/8.jpg"",""time"":400},{""stimulus"":""img/red_ll/9.jpg"",""time"":450},{""stimulus"":""img/red_ll/10.jpg"",""time"":500},{""stimulus"":""img/red_ll/11.jpg"",""time"":551}]","[]",""
"image-keyboard-response","192","192212","0.0-5.0-1.94","63b6cc23f13731158517f900","bdp_lott","Tue Apr 11 2023 00:49:57 GMT-0600 (Mountain Daylight Time)","362375","green","red","","1546","","","","choice","","img/red_ll/choose11.jpg","1","131","green","0.5","0.1","0.5","l","","",""
"animation","193","192813","0.0-5.0-2.94","63b6cc23f13731158517f900","bdp_lott","Tue Apr 11 2023 00:49:57 GMT-0600 (Mountain Daylight Time)","362375","green","red","","","","","","","","","","131","","","","","","[{""stimulus"":""img/green_ll/1.jpg"",""time"":51},{""stimulus"":""img/green_ll/2.jpg"",""time"":113},{""stimulus"":""img/green_ll/3.jpg"",""time"":159},{""stimulus"":""img/green_ll/4.jpg"",""time"":201},{""stimulus"":""img/green_ll/5.jpg"",""time"":251},{""stimulus"":""img/green_ll/6.jpg"",""time"":301},{""stimulus"":""img/green_ll/7.jpg"",""time"":351},{""stimulus"":""img/green_ll/8.jpg"",""time"":401},{""stimulus"":""img/green_ll/9.jpg"",""time"":451},{""stimulus"":""img/green_ll/10.jpg"",""time"":501},{""stimulus"":""img/green_ll/11.jpg"",""time"":551}]","[]",""
"image-keyboard-response","194","193382","0.0-5.0-1.95","63b6cc23f13731158517f900","bdp_lott","Tue Apr 11 2023 00:49:57 GMT-0600 (Mountain Daylight Time)","362375","green","red","","569","","","","choice","","img/green_ll/choose11.jpg","1","130","green","0.5","0.1","0.5","l","","",""
"animation","195","193983","0.0-5.0-2.95","63b6cc23f13731158517f900","bdp_lott","Tue Apr 11 2023 00:49:57 GMT-0600 (Mountain Daylight Time)","362375","green","red","","","","","","","","","","130","","","","","","[{""stimulus"":""img/green_ll/1.jpg"",""time"":58},{""stimulus"":""img/green_ll/2.jpg"",""time"":104},{""stimulus"":""img/green_ll/3.jpg"",""time"":155},{""stimulus"":""img/green_ll/4.jpg"",""time"":201},{""stimulus"":""img/green_ll/5.jpg"",""time"":251},{""stimulus"":""img/green_ll/6.jpg"",""time"":301},{""stimulus"":""img/green_ll/7.jpg"",""time"":351},{""stimulus"":""img/green_ll/8.jpg"",""time"":401},{""stimulus"":""img/green_ll/9.jpg"",""time"":451},{""stimulus"":""img/green_ll/10.jpg"",""time"":507},{""stimulus"":""img/green_ll/11.jpg"",""time"":551}]","[]",""
"image-keyboard-response","196","195034","0.0-5.0-1.96","63b6cc23f13731158517f900","bdp_lott","Tue Apr 11 2023 00:49:57 GMT-0600 (Mountain Daylight Time)","362375","green","red","","1050","","","","choice","","img/green_ll/choose11.jpg","2","129","red","0.5","0.1","0.1","l","","",""
"animation","197","195642","0.0-5.0-2.96","63b6cc23f13731158517f900","bdp_lott","Tue Apr 11 2023 00:49:57 GMT-0600 (Mountain Daylight Time)","362375","green","red","","","","","","","","","","129","","","","","","[{""stimulus"":""img/red_ll/1.jpg"",""time"":65},{""stimulus"":""img/red_ll/2.jpg"",""time"":110},{""stimulus"":""img/red_ll/3.jpg"",""time"":158},{""stimulus"":""img/red_ll/4.jpg"",""time"":205},{""stimulus"":""img/red_ll/5.jpg"",""time"":251},{""stimulus"":""img/red_ll/6.jpg"",""time"":313},{""stimulus"":""img/red_ll/7.jpg"",""time"":360},{""stimulus"":""img/red_ll/8.jpg"",""time"":406},{""stimulus"":""img/red_ll/9.jpg"",""time"":453},{""stimulus"":""img/red_ll/10.jpg"",""time"":515},{""stimulus"":""img/red_ll/11.jpg"",""time"":561}]","[]",""
"image-keyboard-response","198","196314","0.0-5.0-1.97","63b6cc23f13731158517f900","bdp_lott","Tue Apr 11 2023 00:49:57 GMT-0600 (Mountain Daylight Time)","362375","green","red","","672","","","","choice","","img/red_ll/choose11.jpg","1","128","green","0.5","0.1","0.5","w","","",""
"animation","199","196928","0.0-5.0-2.97","63b6cc23f13731158517f900","bdp_lott","Tue Apr 11 2023 00:49:57 GMT-0600 (Mountain Daylight Time)","362375","green","red","","","","","","","","","","128","","","","","","[{""stimulus"":""img/green_wl/1.jpg"",""time"":56},{""stimulus"":""img/green_wl/2.jpg"",""time"":101},{""stimulus"":""img/green_wl/3.jpg"",""time"":165},{""stimulus"":""img/green_wl/4.jpg"",""time"":211},{""stimulus"":""img/green_wl/5.jpg"",""time"":258},{""stimulus"":""img/green_wl/6.jpg"",""time"":304},{""stimulus"":""img/green_wl/7.jpg"",""time"":351},{""stimulus"":""img/green_wl/8.jpg"",""time"":413},{""stimulus"":""img/green_wl/9.jpg"",""time"":460},{""stimulus"":""img/green_wl/10.jpg"",""time"":506},{""stimulus"":""img/green_wl/11.jpg"",""time"":552}]","[]",""
"image-keyboard-response","200","199090","0.0-5.0-1.98","63b6cc23f13731158517f900","bdp_lott","Tue Apr 11 2023 00:49:57 GMT-0600 (Mountain Daylight Time)","362375","green","red","","2162","","","","choice","","img/green_wl/choose11.jpg","1","127","green","0.5","0.1","0.5","w","","",""
"animation","201","199703","0.0-5.0-2.98","63b6cc23f13731158517f900","bdp_lott","Tue Apr 11 2023 00:49:57 GMT-0600 (Mountain Daylight Time)","362375","green","red","","","","","","","","","","127","","","","","","[{""stimulus"":""img/green_wl/1.jpg"",""time"":55},{""stimulus"":""img/green_wl/2.jpg"",""time"":101},{""stimulus"":""img/green_wl/3.jpg"",""time"":157},{""stimulus"":""img/green_wl/4.jpg"",""time"":210},{""stimulus"":""img/green_wl/5.jpg"",""time"":256},{""stimulus"":""img/green_wl/6.jpg"",""time"":303},{""stimulus"":""img/green_wl/7.jpg"",""time"":364},{""stimulus"":""img/green_wl/8.jpg"",""time"":411},{""stimulus"":""img/green_wl/9.jpg"",""time"":458},{""stimulus"":""img/green_wl/10.jpg"",""time"":504},{""stimulus"":""img/green_wl/11.jpg"",""time"":551}]","[]",""
"image-keyboard-response","202","200259","0.0-5.0-1.99","63b6cc23f13731158517f900","bdp_lott","Tue Apr 11 2023 00:49:57 GMT-0600 (Mountain Daylight Time)","362375","green","red","","556","","","","choice","","img/green_wl/choose11.jpg","1","126","green","0.5","0.1","0.5","w","","",""
"animation","203","200865","0.0-5.0-2.99","63b6cc23f13731158517f900","bdp_lott","Tue Apr 11 2023 00:49:57 GMT-0600 (Mountain Daylight Time)","362375","green","red","","","","","","","","","","126","","","","","","[{""stimulus"":""img/green_wl/1.jpg"",""time"":64},{""stimulus"":""img/green_wl/2.jpg"",""time"":110},{""stimulus"":""img/green_wl/3.jpg"",""time"":154},{""stimulus"":""img/green_wl/4.jpg"",""time"":203},{""stimulus"":""img/green_wl/5.jpg"",""time"":265},{""stimulus"":""img/green_wl/6.jpg"",""time"":312},{""stimulus"":""img/green_wl/7.jpg"",""time"":351},{""stimulus"":""img/green_wl/8.jpg"",""time"":401},{""stimulus"":""img/green_wl/9.jpg"",""time"":451},{""stimulus"":""img/green_wl/10.jpg"",""time"":501},{""stimulus"":""img/green_wl/11.jpg"",""time"":551}]","[]",""
"image-keyboard-response","204","201390","0.0-5.0-1.100","63b6cc23f13731158517f900","bdp_lott","Tue Apr 11 2023 00:49:57 GMT-0600 (Mountain Daylight Time)","362375","green","red","","525","","","","choice","","img/green_wl/choose11.jpg","1","125","green","0.5","0.1","0.5","w","","",""
"animation","205","201995","0.0-5.0-2.100","63b6cc23f13731158517f900","bdp_lott","Tue Apr 11 2023 00:49:57 GMT-0600 (Mountain Daylight Time)","362375","green","red","","","","","","","","","","125","","","","","","[{""stimulus"":""img/green_wl/1.jpg"",""time"":63},{""stimulus"":""img/green_wl/2.jpg"",""time"":110},{""stimulus"":""img/green_wl/3.jpg"",""time"":156},{""stimulus"":""img/green_wl/4.jpg"",""time"":203},{""stimulus"":""img/green_wl/5.jpg"",""time"":265},{""stimulus"":""img/green_wl/6.jpg"",""time"":310},{""stimulus"":""img/green_wl/7.jpg"",""time"":357},{""stimulus"":""img/green_wl/8.jpg"",""time"":403},{""stimulus"":""img/green_wl/9.jpg"",""time"":465},{""stimulus"":""img/green_wl/10.jpg"",""time"":512},{""stimulus"":""img/green_wl/11.jpg"",""time"":558}]","[]",""
"image-keyboard-response","206","202437","0.0-5.0-1.101","63b6cc23f13731158517f900","bdp_lott","Tue Apr 11 2023 00:49:57 GMT-0600 (Mountain Daylight Time)","362375","green","red","","441","","","","choice","","img/green_wl/choose11.jpg","1","124","green","0.5","0.1","0.5","l","","",""
"animation","207","203037","0.0-5.0-2.101","63b6cc23f13731158517f900","bdp_lott","Tue Apr 11 2023 00:49:57 GMT-0600 (Mountain Daylight Time)","362375","green","red","","","","","","","","","","124","","","","","","[{""stimulus"":""img/green_ll/1.jpg"",""time"":51},{""stimulus"":""img/green_ll/2.jpg"",""time"":101},{""stimulus"":""img/green_ll/3.jpg"",""time"":154},{""stimulus"":""img/green_ll/4.jpg"",""time"":209},{""stimulus"":""img/green_ll/5.jpg"",""time"":250},{""stimulus"":""img/green_ll/6.jpg"",""time"":301},{""stimulus"":""img/green_ll/7.jpg"",""time"":351},{""stimulus"":""img/green_ll/8.jpg"",""time"":400},{""stimulus"":""img/green_ll/9.jpg"",""time"":450},{""stimulus"":""img/green_ll/10.jpg"",""time"":501},{""stimulus"":""img/green_ll/11.jpg"",""time"":551}]","[]",""
"image-keyboard-response","208","203647","0.0-5.0-1.102","63b6cc23f13731158517f900","bdp_lott","Tue Apr 11 2023 00:49:57 GMT-0600 (Mountain Daylight Time)","362375","green","red","","609","","","","choice","","img/green_ll/choose11.jpg","2","123","red","0.5","0.1","0.1","l","","",""
"animation","209","204256","0.0-5.0-2.102","63b6cc23f13731158517f900","bdp_lott","Tue Apr 11 2023 00:49:57 GMT-0600 (Mountain Daylight Time)","362375","green","red","","","","","","","","","","123","","","","","","[{""stimulus"":""img/red_ll/1.jpg"",""time"":51},{""stimulus"":""img/red_ll/2.jpg"",""time"":101},{""stimulus"":""img/red_ll/3.jpg"",""time"":160},{""stimulus"":""img/red_ll/4.jpg"",""time"":201},{""stimulus"":""img/red_ll/5.jpg"",""time"":252},{""stimulus"":""img/red_ll/6.jpg"",""time"":301},{""stimulus"":""img/red_ll/7.jpg"",""time"":351},{""stimulus"":""img/red_ll/8.jpg"",""time"":407},{""stimulus"":""img/red_ll/9.jpg"",""time"":454},{""stimulus"":""img/red_ll/10.jpg"",""time"":516},{""stimulus"":""img/red_ll/11.jpg"",""time"":562}]","[]",""
"image-keyboard-response","210","204618","0.0-5.0-1.103","63b6cc23f13731158517f900","bdp_lott","Tue Apr 11 2023 00:49:57 GMT-0600 (Mountain Daylight Time)","362375","green","red","","362","","","","choice","","img/red_ll/choose11.jpg","2","122","red","0.5","0.1","0.1","l","","",""
"animation","211","205219","0.0-5.0-2.103","63b6cc23f13731158517f900","bdp_lott","Tue Apr 11 2023 00:49:57 GMT-0600 (Mountain Daylight Time)","362375","green","red","","","","","","","","","","122","","","","","","[{""stimulus"":""img/red_ll/1.jpg"",""time"":56},{""stimulus"":""img/red_ll/2.jpg"",""time"":103},{""stimulus"":""img/red_ll/3.jpg"",""time"":151},{""stimulus"":""img/red_ll/4.jpg"",""time"":201},{""stimulus"":""img/red_ll/5.jpg"",""time"":251},{""stimulus"":""img/red_ll/6.jpg"",""time"":301},{""stimulus"":""img/red_ll/7.jpg"",""time"":351},{""stimulus"":""img/red_ll/8.jpg"",""time"":401},{""stimulus"":""img/red_ll/9.jpg"",""time"":451},{""stimulus"":""img/red_ll/10.jpg"",""time"":501},{""stimulus"":""img/red_ll/11.jpg"",""time"":551}]","[]",""
"image-keyboard-response","212","205631","0.0-5.0-1.104","63b6cc23f13731158517f900","bdp_lott","Tue Apr 11 2023 00:49:57 GMT-0600 (Mountain Daylight Time)","362375","green","red","","412","","","","choice","","img/red_ll/choose11.jpg","2","121","red","0.5","0.1","0.1","l","","",""
"animation","213","206238","0.0-5.0-2.104","63b6cc23f13731158517f900","bdp_lott","Tue Apr 11 2023 00:49:57 GMT-0600 (Mountain Daylight Time)","362375","green","red","","","","","","","","","","121","","","","","","[{""stimulus"":""img/red_ll/1.jpg"",""time"":51},{""stimulus"":""img/red_ll/2.jpg"",""time"":113},{""stimulus"":""img/red_ll/3.jpg"",""time"":159},{""stimulus"":""img/red_ll/4.jpg"",""time"":205},{""stimulus"":""img/red_ll/5.jpg"",""time"":252},{""stimulus"":""img/red_ll/6.jpg"",""time"":314},{""stimulus"":""img/red_ll/7.jpg"",""time"":360},{""stimulus"":""img/red_ll/8.jpg"",""time"":406},{""stimulus"":""img/red_ll/9.jpg"",""time"":453},{""stimulus"":""img/red_ll/10.jpg"",""time"":515},{""stimulus"":""img/red_ll/11.jpg"",""time"":561}]","[]",""
"image-keyboard-response","214","206668","0.0-5.0-1.105","63b6cc23f13731158517f900","bdp_lott","Tue Apr 11 2023 00:49:57 GMT-0600 (Mountain Daylight Time)","362375","green","red","","430","","","","choice","","img/red_ll/choose11.jpg","2","120","red","0.5","0.1","0.1","l","","",""
"animation","215","207268","0.0-5.0-2.105","63b6cc23f13731158517f900","bdp_lott","Tue Apr 11 2023 00:49:57 GMT-0600 (Mountain Daylight Time)","362375","green","red","","","","","","","","","","120","","","","","","[{""stimulus"":""img/red_ll/1.jpg"",""time"":51},{""stimulus"":""img/red_ll/2.jpg"",""time"":113},{""stimulus"":""img/red_ll/3.jpg"",""time"":160},{""stimulus"":""img/red_ll/4.jpg"",""time"":207},{""stimulus"":""img/red_ll/5.jpg"",""time"":253},{""stimulus"":""img/red_ll/6.jpg"",""time"":315},{""stimulus"":""img/red_ll/7.jpg"",""time"":361},{""stimulus"":""img/red_ll/8.jpg"",""time"":409},{""stimulus"":""img/red_ll/9.jpg"",""time"":455},{""stimulus"":""img/red_ll/10.jpg"",""time"":501},{""stimulus"":""img/red_ll/11.jpg"",""time"":563}]","[]",""
"image-keyboard-response","216","207479","0.0-5.0-1.106","63b6cc23f13731158517f900","bdp_lott","Tue Apr 11 2023 00:49:57 GMT-0600 (Mountain Daylight Time)","362375","green","red","","210","","","","choice","","img/red_ll/choose11.jpg","1","119","green","0.5","0.1","0.5","l","","",""
"animation","217","208079","0.0-5.0-2.106","63b6cc23f13731158517f900","bdp_lott","Tue Apr 11 2023 00:49:57 GMT-0600 (Mountain Daylight Time)","362375","green","red","","","","","","","","","","119","","","","","","[{""stimulus"":""img/green_ll/1.jpg"",""time"":63},{""stimulus"":""img/green_ll/2.jpg"",""time"":109},{""stimulus"":""img/green_ll/3.jpg"",""time"":156},{""stimulus"":""img/green_ll/4.jpg"",""time"":202},{""stimulus"":""img/green_ll/5.jpg"",""time"":264},{""stimulus"":""img/green_ll/6.jpg"",""time"":311},{""stimulus"":""img/green_ll/7.jpg"",""time"":357},{""stimulus"":""img/green_ll/8.jpg"",""time"":401},{""stimulus"":""img/green_ll/9.jpg"",""time"":451},{""stimulus"":""img/green_ll/10.jpg"",""time"":501},{""stimulus"":""img/green_ll/11.jpg"",""time"":551}]","[]",""
"image-keyboard-response","218","208598","0.0-5.0-1.107","63b6cc23f13731158517f900","bdp_lott","Tue Apr 11 2023 00:49:57 GMT-0600 (Mountain Daylight Time)","362375","green","red","","518","","","","choice","","img/green_ll/choose11.jpg","1","118","green","0.5","0.1","0.5","w","","",""
"animation","219","209199","0.0-5.0-2.107","63b6cc23f13731158517f900","bdp_lott","Tue Apr 11 2023 00:49:57 GMT-0600 (Mountain Daylight Time)","362375","green","red","","","","","","","","","","118","","","","","","[{""stimulus"":""img/green_wl/1.jpg"",""time"":59},{""stimulus"":""img/green_wl/2.jpg"",""time"":101},{""stimulus"":""img/green_wl/3.jpg"",""time"":151},{""stimulus"":""img/green_wl/4.jpg"",""time"":201},{""stimulus"":""img/green_wl/5.jpg"",""time"":261},{""stimulus"":""img/green_wl/6.jpg"",""time"":307},{""stimulus"":""img/green_wl/7.jpg"",""time"":351},{""stimulus"":""img/green_wl/8.jpg"",""time"":415},{""stimulus"":""img/green_wl/9.jpg"",""time"":451},{""stimulus"":""img/green_wl/10.jpg"",""time"":508},{""stimulus"":""img/green_wl/11.jpg"",""time"":551}]","[]",""
"image-keyboard-response","220","209970","0.0-5.0-1.108","63b6cc23f13731158517f900","bdp_lott","Tue Apr 11 2023 00:49:57 GMT-0600 (Mountain Daylight Time)","362375","green","red","","771","","","","choice","","img/green_wl/choose11.jpg","1","117","green","0.5","0.1","0.5","l","","",""
"animation","221","210571","0.0-5.0-2.108","63b6cc23f13731158517f900","bdp_lott","Tue Apr 11 2023 00:49:57 GMT-0600 (Mountain Daylight Time)","362375","green","red","","","","","","","","","","117","","","","","","[{""stimulus"":""img/green_ll/1.jpg"",""time"":64},{""stimulus"":""img/green_ll/2.jpg"",""time"":100},{""stimulus"":""img/green_ll/3.jpg"",""time"":157},{""stimulus"":""img/green_ll/4.jpg"",""time"":200},{""stimulus"":""img/green_ll/5.jpg"",""time"":250},{""stimulus"":""img/green_ll/6.jpg"",""time"":300},{""stimulus"":""img/green_ll/7.jpg"",""time"":350},{""stimulus"":""img/green_ll/8.jpg"",""time"":405},{""stimulus"":""img/green_ll/9.jpg"",""time"":452},{""stimulus"":""img/green_ll/10.jpg"",""time"":500},{""stimulus"":""img/green_ll/11.jpg"",""time"":560}]","[]",""
"image-keyboard-response","222","211119","0.0-5.0-1.109","63b6cc23f13731158517f900","bdp_lott","Tue Apr 11 2023 00:49:57 GMT-0600 (Mountain Daylight Time)","362375","green","red","","548","","","","choice","","img/green_ll/choose11.jpg","1","116","green","0.5","0.1","0.5","l","","",""
"animation","223","211725","0.0-5.0-2.109","63b6cc23f13731158517f900","bdp_lott","Tue Apr 11 2023 00:49:57 GMT-0600 (Mountain Daylight Time)","362375","green","red","","","","","","","","","","116","","","","","","[{""stimulus"":""img/green_ll/1.jpg"",""time"":63},{""stimulus"":""img/green_ll/2.jpg"",""time"":109},{""stimulus"":""img/green_ll/3.jpg"",""time"":155},{""stimulus"":""img/green_ll/4.jpg"",""time"":202},{""stimulus"":""img/green_ll/5.jpg"",""time"":264},{""stimulus"":""img/green_ll/6.jpg"",""time"":311},{""stimulus"":""img/green_ll/7.jpg"",""time"":358},{""stimulus"":""img/green_ll/8.jpg"",""time"":403},{""stimulus"":""img/green_ll/9.jpg"",""time"":451},{""stimulus"":""img/green_ll/10.jpg"",""time"":513},{""stimulus"":""img/green_ll/11.jpg"",""time"":558}]","[]",""
"image-keyboard-response","224","212370","0.0-5.0-1.110","63b6cc23f13731158517f900","bdp_lott","Tue Apr 11 2023 00:49:57 GMT-0600 (Mountain Daylight Time)","362375","green","red","","643","","","","choice","","img/green_ll/choose11.jpg","1","115","green","0.5","0.1","0.5","w","","",""
"animation","225","212981","0.0-5.0-2.110","63b6cc23f13731158517f900","bdp_lott","Tue Apr 11 2023 00:49:57 GMT-0600 (Mountain Daylight Time)","362375","green","red","","","","","","","","","","115","","","","","","[{""stimulus"":""img/green_wl/1.jpg"",""time"":53},{""stimulus"":""img/green_wl/2.jpg"",""time"":115},{""stimulus"":""img/green_wl/3.jpg"",""time"":162},{""stimulus"":""img/green_wl/4.jpg"",""time"":208},{""stimulus"":""img/green_wl/5.jpg"",""time"":255},{""stimulus"":""img/green_wl/6.jpg"",""time"":301},{""stimulus"":""img/green_wl/7.jpg"",""time"":363},{""stimulus"":""img/green_wl/8.jpg"",""time"":410},{""stimulus"":""img/green_wl/9.jpg"",""time"":456},{""stimulus"":""img/green_wl/10.jpg"",""time"":502},{""stimulus"":""img/green_wl/11.jpg"",""time"":565}]","[]",""
"image-keyboard-response","226","214868","0.0-5.0-1.111","63b6cc23f13731158517f900","bdp_lott","Tue Apr 11 2023 00:49:57 GMT-0600 (Mountain Daylight Time)","362375","green","red","","1887","","","","choice","","img/green_wl/choose11.jpg","1","114","green","0.5","0.1","0.5","l","","",""
"animation","227","215475","0.0-5.0-2.111","63b6cc23f13731158517f900","bdp_lott","Tue Apr 11 2023 00:49:57 GMT-0600 (Mountain Daylight Time)","362375","green","red","","","","","","","","","","114","","","","","","[{""stimulus"":""img/green_ll/1.jpg"",""time"":50},{""stimulus"":""img/green_ll/2.jpg"",""time"":100},{""stimulus"":""img/green_ll/3.jpg"",""time"":158},{""stimulus"":""img/green_ll/4.jpg"",""time"":205},{""stimulus"":""img/green_ll/5.jpg"",""time"":251},{""stimulus"":""img/green_ll/6.jpg"",""time"":300},{""stimulus"":""img/green_ll/7.jpg"",""time"":358},{""stimulus"":""img/green_ll/8.jpg"",""time"":405},{""stimulus"":""img/green_ll/9.jpg"",""time"":452},{""stimulus"":""img/green_ll/10.jpg"",""time"":513},{""stimulus"":""img/green_ll/11.jpg"",""time"":560}]","[]",""
"image-keyboard-response","228","216448","0.0-5.0-1.112","63b6cc23f13731158517f900","bdp_lott","Tue Apr 11 2023 00:49:57 GMT-0600 (Mountain Daylight Time)","362375","green","red","","972","","","","choice","","img/green_ll/choose11.jpg","1","113","green","0.5","0.1","0.5","l","","",""
"animation","229","217057","0.0-5.0-2.112","63b6cc23f13731158517f900","bdp_lott","Tue Apr 11 2023 00:49:57 GMT-0600 (Mountain Daylight Time)","362375","green","red","","","","","","","","","","113","","","","","","[{""stimulus"":""img/green_ll/1.jpg"",""time"":51},{""stimulus"":""img/green_ll/2.jpg"",""time"":112},{""stimulus"":""img/green_ll/3.jpg"",""time"":159},{""stimulus"":""img/green_ll/4.jpg"",""time"":206},{""stimulus"":""img/green_ll/5.jpg"",""time"":252},{""stimulus"":""img/green_ll/6.jpg"",""time"":314},{""stimulus"":""img/green_ll/7.jpg"",""time"":361},{""stimulus"":""img/green_ll/8.jpg"",""time"":407},{""stimulus"":""img/green_ll/9.jpg"",""time"":454},{""stimulus"":""img/green_ll/10.jpg"",""time"":516},{""stimulus"":""img/green_ll/11.jpg"",""time"":562}]","[]",""
"image-keyboard-response","230","217639","0.0-5.0-1.113","63b6cc23f13731158517f900","bdp_lott","Tue Apr 11 2023 00:49:57 GMT-0600 (Mountain Daylight Time)","362375","green","red","","581","","","","choice","","img/green_ll/choose11.jpg","2","112","red","0.5","0.1","0.1","l","","",""
"animation","231","218250","0.0-5.0-2.113","63b6cc23f13731158517f900","bdp_lott","Tue Apr 11 2023 00:49:57 GMT-0600 (Mountain Daylight Time)","362375","green","red","","","","","","","","","","112","","","","","","[{""stimulus"":""img/red_ll/1.jpg"",""time"":50},{""stimulus"":""img/red_ll/2.jpg"",""time"":100},{""stimulus"":""img/red_ll/3.jpg"",""time"":150},{""stimulus"":""img/red_ll/4.jpg"",""time"":208},{""stimulus"":""img/red_ll/5.jpg"",""time"":250},{""stimulus"":""img/red_ll/6.jpg"",""time"":301},{""stimulus"":""img/red_ll/7.jpg"",""time"":350},{""stimulus"":""img/red_ll/8.jpg"",""time"":410},{""stimulus"":""img/red_ll/9.jpg"",""time"":450},{""stimulus"":""img/red_ll/10.jpg"",""time"":503},{""stimulus"":""img/red_ll/11.jpg"",""time"":550}]","[]",""
"image-keyboard-response","232","218580","0.0-5.0-1.114","63b6cc23f13731158517f900","bdp_lott","Tue Apr 11 2023 00:49:57 GMT-0600 (Mountain Daylight Time)","362375","green","red","","330","","","","choice","","img/red_ll/choose11.jpg","2","111","red","0.5","0.1","0.1","w","","",""
"animation","233","219181","0.0-5.0-2.114","63b6cc23f13731158517f900","bdp_lott","Tue Apr 11 2023 00:49:57 GMT-0600 (Mountain Daylight Time)","362375","green","red","","","","","","","","","","111","","","","","","[{""stimulus"":""img/red_lw/1.jpg"",""time"":58},{""stimulus"":""img/red_lw/2.jpg"",""time"":104},{""stimulus"":""img/red_lw/3.jpg"",""time"":151},{""stimulus"":""img/red_lw/4.jpg"",""time"":213},{""stimulus"":""img/red_lw/5.jpg"",""time"":251},{""stimulus"":""img/red_lw/6.jpg"",""time"":301},{""stimulus"":""img/red_lw/7.jpg"",""time"":351},{""stimulus"":""img/red_lw/8.jpg"",""time"":401},{""stimulus"":""img/red_lw/9.jpg"",""time"":451},{""stimulus"":""img/red_lw/10.jpg"",""time"":501},{""stimulus"":""img/red_lw/11.jpg"",""time"":551}]","[]",""
"image-keyboard-response","234","220261","0.0-5.0-1.115","63b6cc23f13731158517f900","bdp_lott","Tue Apr 11 2023 00:49:57 GMT-0600 (Mountain Daylight Time)","362375","green","red","","1080","","","","choice","","img/red_lw/choose11.jpg","1","110","green","0.5","0.1","0.5","l","","",""
"animation","235","220862","0.0-5.0-2.115","63b6cc23f13731158517f900","bdp_lott","Tue Apr 11 2023 00:49:57 GMT-0600 (Mountain Daylight Time)","362375","green","red","","","","","","","","","","110","","","","","","[{""stimulus"":""img/green_lw/1.jpg"",""time"":53},{""stimulus"":""img/green_lw/2.jpg"",""time"":101},{""stimulus"":""img/green_lw/3.jpg"",""time"":151},{""stimulus"":""img/green_lw/4.jpg"",""time"":201},{""stimulus"":""img/green_lw/5.jpg"",""time"":251},{""stimulus"":""img/green_lw/6.jpg"",""time"":301},{""stimulus"":""img/green_lw/7.jpg"",""time"":351},{""stimulus"":""img/green_lw/8.jpg"",""time"":401},{""stimulus"":""img/green_lw/9.jpg"",""time"":456},{""stimulus"":""img/green_lw/10.jpg"",""time"":502},{""stimulus"":""img/green_lw/11.jpg"",""time"":564}]","[]",""
"image-keyboard-response","236","221689","0.0-5.0-1.116","63b6cc23f13731158517f900","bdp_lott","Tue Apr 11 2023 00:49:57 GMT-0600 (Mountain Daylight Time)","362375","green","red","","827","","","","choice","","img/green_lw/choose11.jpg","1","109","green","0.5","0.1","0.5","l","","",""
"animation","237","222298","0.0-5.0-2.116","63b6cc23f13731158517f900","bdp_lott","Tue Apr 11 2023 00:49:57 GMT-0600 (Mountain Daylight Time)","362375","green","red","","","","","","","","","","109","","","","","","[{""stimulus"":""img/green_lw/1.jpg"",""time"":51},{""stimulus"":""img/green_lw/2.jpg"",""time"":113},{""stimulus"":""img/green_lw/3.jpg"",""time"":159},{""stimulus"":""img/green_lw/4.jpg"",""time"":201},{""stimulus"":""img/green_lw/5.jpg"",""time"":252},{""stimulus"":""img/green_lw/6.jpg"",""time"":301},{""stimulus"":""img/green_lw/7.jpg"",""time"":351},{""stimulus"":""img/green_lw/8.jpg"",""time"":401},{""stimulus"":""img/green_lw/9.jpg"",""time"":451},{""stimulus"":""img/green_lw/10.jpg"",""time"":501},{""stimulus"":""img/green_lw/11.jpg"",""time"":562}]","[]",""
"image-keyboard-response","238","222681","0.0-5.0-1.117","63b6cc23f13731158517f900","bdp_lott","Tue Apr 11 2023 00:49:57 GMT-0600 (Mountain Daylight Time)","362375","green","red","","383","","","","choice","","img/green_lw/choose11.jpg","2","108","red","0.5","0.1","0.1","w","","",""
"animation","239","223289","0.0-5.0-2.117","63b6cc23f13731158517f900","bdp_lott","Tue Apr 11 2023 00:49:57 GMT-0600 (Mountain Daylight Time)","362375","green","red","","","","","","","","","","108","","","","","","[{""stimulus"":""img/red_lw/1.jpg"",""time"":52},{""stimulus"":""img/red_lw/2.jpg"",""time"":114},{""stimulus"":""img/red_lw/3.jpg"",""time"":159},{""stimulus"":""img/red_lw/4.jpg"",""time"":205},{""stimulus"":""img/red_lw/5.jpg"",""time"":252},{""stimulus"":""img/red_lw/6.jpg"",""time"":314},{""stimulus"":""img/red_lw/7.jpg"",""time"":361},{""stimulus"":""img/red_lw/8.jpg"",""time"":408},{""stimulus"":""img/red_lw/9.jpg"",""time"":454},{""stimulus"":""img/red_lw/10.jpg"",""time"":517},{""stimulus"":""img/red_lw/11.jpg"",""time"":563}]","[]",""
"image-keyboard-response","240","223964","0.0-5.0-1.118","63b6cc23f13731158517f900","bdp_lott","Tue Apr 11 2023 00:49:57 GMT-0600 (Mountain Daylight Time)","362375","green","red","","674","","","","choice","","img/red_lw/choose11.jpg","2","107","red","0.5","0.1","0.1","l","","",""
"","","","","63b6cc23f13731158517f900","bdp_lott","Tue Apr 11 2023 00:49:57 GMT-0600 (Mountain Daylight Time)","362375","green","red","","","blur","241","228419","blurevent","","","","","","","","","","","","1"
"","","","","63b6cc23f13731158517f900","bdp_lott","Tue Apr 11 2023 00:49:57 GMT-0600 (Mountain Daylight Time)","362375","green","red","","","focus","241","228423","focusevent","","","","","","","","","","","",""
"","","","","63b6cc23f13731158517f900","bdp_lott","Tue Apr 11 2023 00:49:57 GMT-0600 (Mountain Daylight Time)","362375","green","red","","","fullscreenexit","241","228427","fullscreenexit","","","","","","","","","","","",""
"animation","241","228565","0.0-5.0-2.118","63b6cc23f13731158517f900","bdp_lott","Tue Apr 11 2023 00:49:57 GMT-0600 (Mountain Daylight Time)","362375","green","red","","","blur","241","228419","","","","","107","","","","","","[{""stimulus"":""img/red_ll/1.jpg"",""time"":51},{""stimulus"":""img/red_ll/2.jpg"",""time"":101},{""stimulus"":""img/red_ll/3.jpg"",""time"":158},{""stimulus"":""img/red_ll/4.jpg"",""time"":209},{""stimulus"":""img/red_ll/5.jpg"",""time"":256},{""stimulus"":""img/red_ll/6.jpg"",""time"":302},{""stimulus"":""img/red_ll/7.jpg"",""time"":364},{""stimulus"":""img/red_ll/8.jpg"",""time"":409},{""stimulus"":""img/red_ll/9.jpg"",""time"":4455},{""stimulus"":""img/red_ll/10.jpg"",""time"":4500},{""stimulus"":""img/red_ll/11.jpg"",""time"":4550}]","[]","1"
"image-keyboard-response","242","232276","0.0-5.0-0.119-0.119","63b6cc23f13731158517f900","bdp_lott","Tue Apr 11 2023 00:49:57 GMT-0600 (Mountain Daylight Time)","362375","green","red","","3711","","","","blurwarn","","","49","","","","","","","","","1"
"image-keyboard-response","243","233453","0.0-5.0-1.119","63b6cc23f13731158517f900","bdp_lott","Tue Apr 11 2023 00:49:57 GMT-0600 (Mountain Daylight Time)","362375","green","red","","912","","","","choice","","img/red_ll/choose11.jpg","2","106","red","0.5","0.1","0.1","l","","",""
"animation","244","234054","0.0-5.0-2.119","63b6cc23f13731158517f900","bdp_lott","Tue Apr 11 2023 00:49:57 GMT-0600 (Mountain Daylight Time)","362375","green","red","","","","","","","","","","106","","","","","","[{""stimulus"":""img/red_ll/1.jpg"",""time"":65},{""stimulus"":""img/red_ll/2.jpg"",""time"":101},{""stimulus"":""img/red_ll/3.jpg"",""time"":158},{""stimulus"":""img/red_ll/4.jpg"",""time"":204},{""stimulus"":""img/red_ll/5.jpg"",""time"":251},{""stimulus"":""img/red_ll/6.jpg"",""time"":313},{""stimulus"":""img/red_ll/7.jpg"",""time"":359},{""stimulus"":""img/red_ll/8.jpg"",""time"":405},{""stimulus"":""img/red_ll/9.jpg"",""time"":452},{""stimulus"":""img/red_ll/10.jpg"",""time"":514},{""stimulus"":""img/red_ll/11.jpg"",""time"":551}]","[]",""
"image-keyboard-response","245","234715","0.0-5.0-1.120","63b6cc23f13731158517f900","bdp_lott","Tue Apr 11 2023 00:49:57 GMT-0600 (Mountain Daylight Time)","362375","green","red","","661","","","","choice","","img/red_ll/choose11.jpg","1","105","green","0.5","0.1","0.5","l","","",""
"animation","246","235317","0.0-5.0-2.120","63b6cc23f13731158517f900","bdp_lott","Tue Apr 11 2023 00:49:57 GMT-0600 (Mountain Daylight Time)","362375","green","red","","","","","","","","","","105","","","","","","[{""stimulus"":""img/green_ll/1.jpg"",""time"":59},{""stimulus"":""img/green_ll/2.jpg"",""time"":106},{""stimulus"":""img/green_ll/3.jpg"",""time"":151},{""stimulus"":""img/green_ll/4.jpg"",""time"":213},{""stimulus"":""img/green_ll/5.jpg"",""time"":261},{""stimulus"":""img/green_ll/6.jpg"",""time"":307},{""stimulus"":""img/green_ll/7.jpg"",""time"":354},{""stimulus"":""img/green_ll/8.jpg"",""time"":416},{""stimulus"":""img/green_ll/9.jpg"",""time"":462},{""stimulus"":""img/green_ll/10.jpg"",""time"":509},{""stimulus"":""img/green_ll/11.jpg"",""time"":555}]","[]",""
"image-keyboard-response","247","236079","0.0-5.0-1.121","63b6cc23f13731158517f900","bdp_lott","Tue Apr 11 2023 00:49:57 GMT-0600 (Mountain Daylight Time)","362375","green","red","","762","","","","choice","","img/green_ll/choose11.jpg","1","104","green","0.5","0.1","0.5","w","","",""
"animation","248","236693","0.0-5.0-2.121","63b6cc23f13731158517f900","bdp_lott","Tue Apr 11 2023 00:49:57 GMT-0600 (Mountain Daylight Time)","362375","green","red","","","","","","","","","","104","","","","","","[{""stimulus"":""img/green_wl/1.jpg"",""time"":58},{""stimulus"":""img/green_wl/2.jpg"",""time"":101},{""stimulus"":""img/green_wl/3.jpg"",""time"":166},{""stimulus"":""img/green_wl/4.jpg"",""time"":201},{""stimulus"":""img/green_wl/5.jpg"",""time"":259},{""stimulus"":""img/green_wl/6.jpg"",""time"":305},{""stimulus"":""img/green_wl/7.jpg"",""time"":352},{""stimulus"":""img/green_wl/8.jpg"",""time"":401},{""stimulus"":""img/green_wl/9.jpg"",""time"":460},{""stimulus"":""img/green_wl/10.jpg"",""time"":507},{""stimulus"":""img/green_wl/11.jpg"",""time"":552}]","[]",""
"image-keyboard-response","249","237520","0.0-5.0-1.122","63b6cc23f13731158517f900","bdp_lott","Tue Apr 11 2023 00:49:57 GMT-0600 (Mountain Daylight Time)","362375","green","red","","826","","","","choice","","img/green_wl/choose11.jpg","1","103","green","0.5","0.1","0.5","l","","",""
"animation","250","238135","0.0-5.0-2.122","63b6cc23f13731158517f900","bdp_lott","Tue Apr 11 2023 00:49:57 GMT-0600 (Mountain Daylight Time)","362375","green","red","","","","","","","","","","103","","","","","","[{""stimulus"":""img/green_ll/1.jpg"",""time"":57},{""stimulus"":""img/green_ll/2.jpg"",""time"":103},{""stimulus"":""img/green_ll/3.jpg"",""time"":150},{""stimulus"":""img/green_ll/4.jpg"",""time"":212},{""stimulus"":""img/green_ll/5.jpg"",""time"":258},{""stimulus"":""img/green_ll/6.jpg"",""time"":305},{""stimulus"":""img/green_ll/7.jpg"",""time"":351},{""stimulus"":""img/green_ll/8.jpg"",""time"":413},{""stimulus"":""img/green_ll/9.jpg"",""time"":460},{""stimulus"":""img/green_ll/10.jpg"",""time"":507},{""stimulus"":""img/green_ll/11.jpg"",""time"":553}]","[]",""
"image-keyboard-response","251","238681","0.0-5.0-1.123","63b6cc23f13731158517f900","bdp_lott","Tue Apr 11 2023 00:49:57 GMT-0600 (Mountain Daylight Time)","362375","green","red","","544","","","","choice","","img/green_ll/choose11.jpg","2","102","red","0.5","0.1","0.1","l","","",""
"animation","252","239281","0.0-5.0-2.123","63b6cc23f13731158517f900","bdp_lott","Tue Apr 11 2023 00:49:57 GMT-0600 (Mountain Daylight Time)","362375","green","red","","","","","","","","","","102","","","","","","[{""stimulus"":""img/red_ll/1.jpg"",""time"":59},{""stimulus"":""img/red_ll/2.jpg"",""time"":106},{""stimulus"":""img/red_ll/3.jpg"",""time"":152},{""stimulus"":""img/red_ll/4.jpg"",""time"":214},{""stimulus"":""img/red_ll/5.jpg"",""time"":251},{""stimulus"":""img/red_ll/6.jpg"",""time"":301},{""stimulus"":""img/red_ll/7.jpg"",""time"":351},{""stimulus"":""img/red_ll/8.jpg"",""time"":401},{""stimulus"":""img/red_ll/9.jpg"",""time"":451},{""stimulus"":""img/red_ll/10.jpg"",""time"":508},{""stimulus"":""img/red_ll/11.jpg"",""time"":551}]","[]",""
"image-keyboard-response","253","239841","0.0-5.0-1.124","63b6cc23f13731158517f900","bdp_lott","Tue Apr 11 2023 00:49:57 GMT-0600 (Mountain Daylight Time)","362375","green","red","","559","","","","choice","","img/red_ll/choose11.jpg","2","101","red","0.5","0.1","0.1","w","","",""
"animation","254","240445","0.0-5.0-2.124","63b6cc23f13731158517f900","bdp_lott","Tue Apr 11 2023 00:49:57 GMT-0600 (Mountain Daylight Time)","362375","green","red","","","","","","","","","","101","","","","","","[{""stimulus"":""img/red_lw/1.jpg"",""time"":62},{""stimulus"":""img/red_lw/2.jpg"",""time"":108},{""stimulus"":""img/red_lw/3.jpg"",""time"":155},{""stimulus"":""img/red_lw/4.jpg"",""time"":201},{""stimulus"":""img/red_lw/5.jpg"",""time"":263},{""stimulus"":""img/red_lw/6.jpg"",""time"":310},{""stimulus"":""img/red_lw/7.jpg"",""time"":356},{""stimulus"":""img/red_lw/8.jpg"",""time"":403},{""stimulus"":""img/red_lw/9.jpg"",""time"":465},{""stimulus"":""img/red_lw/10.jpg"",""time"":511},{""stimulus"":""img/red_lw/11.jpg"",""time"":558}]","[]",""
"image-keyboard-response","255","242085","0.0-5.0-1.125","63b6cc23f13731158517f900","bdp_lott","Tue Apr 11 2023 00:49:57 GMT-0600 (Mountain Daylight Time)","362375","green","red","","1640","","","","choice","","img/red_lw/choose11.jpg","1","100","green","0.5","0.1","0.5","l","","",""
"animation","256","242685","0.0-5.0-2.125","63b6cc23f13731158517f900","bdp_lott","Tue Apr 11 2023 00:49:57 GMT-0600 (Mountain Daylight Time)","362375","green","red","","","","","","","","","","100","","","","","","[{""stimulus"":""img/green_lw/1.jpg"",""time"":50},{""stimulus"":""img/green_lw/2.jpg"",""time"":109},{""stimulus"":""img/green_lw/3.jpg"",""time"":150},{""stimulus"":""img/green_lw/4.jpg"",""time"":200},{""stimulus"":""img/green_lw/5.jpg"",""time"":250},{""stimulus"":""img/green_lw/6.jpg"",""time"":300},{""stimulus"":""img/green_lw/7.jpg"",""time"":350},{""stimulus"":""img/green_lw/8.jpg"",""time"":400},{""stimulus"":""img/green_lw/9.jpg"",""time"":450},{""stimulus"":""img/green_lw/10.jpg"",""time"":500},{""stimulus"":""img/green_lw/11.jpg"",""time"":550}]","[]",""
"image-keyboard-response","257","243321","0.0-5.0-1.126","63b6cc23f13731158517f900","bdp_lott","Tue Apr 11 2023 00:49:57 GMT-0600 (Mountain Daylight Time)","362375","green","red","","635","","","","choice","","img/green_lw/choose11.jpg","1","99","green","0.5","0.1","0.5","w","","",""
"animation","258","243922","0.0-5.0-2.126","63b6cc23f13731158517f900","bdp_lott","Tue Apr 11 2023 00:49:57 GMT-0600 (Mountain Daylight Time)","362375","green","red","","","","","","","","","","99","","","","","","[{""stimulus"":""img/green_ww/1.jpg"",""time"":54},{""stimulus"":""img/green_ww/2.jpg"",""time"":115},{""stimulus"":""img/green_ww/3.jpg"",""time"":162},{""stimulus"":""img/green_ww/4.jpg"",""time"":201},{""stimulus"":""img/green_ww/5.jpg"",""time"":255},{""stimulus"":""img/green_ww/6.jpg"",""time"":301},{""stimulus"":""img/green_ww/7.jpg"",""time"":351},{""stimulus"":""img/green_ww/8.jpg"",""time"":401},{""stimulus"":""img/green_ww/9.jpg"",""time"":451},{""stimulus"":""img/green_ww/10.jpg"",""time"":503},{""stimulus"":""img/green_ww/11.jpg"",""time"":551}]","[]",""
"image-keyboard-response","259","245711","0.0-5.0-1.127","63b6cc23f13731158517f900","bdp_lott","Tue Apr 11 2023 00:49:57 GMT-0600 (Mountain Daylight Time)","362375","green","red","","1789","","","","choice","","img/green_ww/choose11.jpg","1","98","green","0.5","0.1","0.5","w","","",""
"animation","260","246320","0.0-5.0-2.127","63b6cc23f13731158517f900","bdp_lott","Tue Apr 11 2023 00:49:57 GMT-0600 (Mountain Daylight Time)","362375","green","red","","","","","","","","","","98","","","","","","[{""stimulus"":""img/green_ww/1.jpg"",""time"":51},{""stimulus"":""img/green_ww/2.jpg"",""time"":113},{""stimulus"":""img/green_ww/3.jpg"",""time"":159},{""stimulus"":""img/green_ww/4.jpg"",""time"":201},{""stimulus"":""img/green_ww/5.jpg"",""time"":252},{""stimulus"":""img/green_ww/6.jpg"",""time"":314},{""stimulus"":""img/green_ww/7.jpg"",""time"":360},{""stimulus"":""img/green_ww/8.jpg"",""time"":407},{""stimulus"":""img/green_ww/9.jpg"",""time"":451},{""stimulus"":""img/green_ww/10.jpg"",""time"":515},{""stimulus"":""img/green_ww/11.jpg"",""time"":562}]","[]",""
"image-keyboard-response","261","246675","0.0-5.0-1.128","63b6cc23f13731158517f900","bdp_lott","Tue Apr 11 2023 00:49:57 GMT-0600 (Mountain Daylight Time)","362375","green","red","","354","","","","choice","","img/green_ww/choose11.jpg","1","97","green","0.5","0.1","0.5","w","","",""
"animation","262","247275","0.0-5.0-2.128","63b6cc23f13731158517f900","bdp_lott","Tue Apr 11 2023 00:49:57 GMT-0600 (Mountain Daylight Time)","362375","green","red","","","","","","","","","","97","","","","","","[{""stimulus"":""img/green_ww/1.jpg"",""time"":64},{""stimulus"":""img/green_ww/2.jpg"",""time"":111},{""stimulus"":""img/green_ww/3.jpg"",""time"":157},{""stimulus"":""img/green_ww/4.jpg"",""time"":204},{""stimulus"":""img/green_ww/5.jpg"",""time"":266},{""stimulus"":""img/green_ww/6.jpg"",""time"":312},{""stimulus"":""img/green_ww/7.jpg"",""time"":359},{""stimulus"":""img/green_ww/8.jpg"",""time"":405},{""stimulus"":""img/green_ww/9.jpg"",""time"":450},{""stimulus"":""img/green_ww/10.jpg"",""time"":514},{""stimulus"":""img/green_ww/11.jpg"",""time"":551}]","[]",""
"image-keyboard-response","263","248283","0.0-5.0-1.129","63b6cc23f13731158517f900","bdp_lott","Tue Apr 11 2023 00:49:57 GMT-0600 (Mountain Daylight Time)","362375","green","red","","1007","","","","choice","","img/green_ww/choose11.jpg","2","96","red","0.5","0.1","0.1","l","","",""
"animation","264","248884","0.0-5.0-2.129","63b6cc23f13731158517f900","bdp_lott","Tue Apr 11 2023 00:49:57 GMT-0600 (Mountain Daylight Time)","362375","green","red","","","","","","","","","","96","","","","","","[{""stimulus"":""img/red_wl/1.jpg"",""time"":51},{""stimulus"":""img/red_wl/2.jpg"",""time"":101},{""stimulus"":""img/red_wl/3.jpg"",""time"":151},{""stimulus"":""img/red_wl/4.jpg"",""time"":208},{""stimulus"":""img/red_wl/5.jpg"",""time"":251},{""stimulus"":""img/red_wl/6.jpg"",""time"":301},{""stimulus"":""img/red_wl/7.jpg"",""time"":351},{""stimulus"":""img/red_wl/8.jpg"",""time"":401},{""stimulus"":""img/red_wl/9.jpg"",""time"":451},{""stimulus"":""img/red_wl/10.jpg"",""time"":502},{""stimulus"":""img/red_wl/11.jpg"",""time"":551}]","[]",""
"image-keyboard-response","265","250260","0.0-5.0-1.130","63b6cc23f13731158517f900","bdp_lott","Tue Apr 11 2023 00:49:57 GMT-0600 (Mountain Daylight Time)","362375","green","red","","1376","","","","choice","","img/red_wl/choose11.jpg","2","95","red","0.5","0.1","0.1","w","","",""
"animation","266","250862","0.0-5.0-2.130","63b6cc23f13731158517f900","bdp_lott","Tue Apr 11 2023 00:49:57 GMT-0600 (Mountain Daylight Time)","362375","green","red","","","","","","","","","","95","","","","","","[{""stimulus"":""img/red_ww/1.jpg"",""time"":60},{""stimulus"":""img/red_ww/2.jpg"",""time"":105},{""stimulus"":""img/red_ww/3.jpg"",""time"":150},{""stimulus"":""img/red_ww/4.jpg"",""time"":215},{""stimulus"":""img/red_ww/5.jpg"",""time"":261},{""stimulus"":""img/red_ww/6.jpg"",""time"":308},{""stimulus"":""img/red_ww/7.jpg"",""time"":354},{""stimulus"":""img/red_ww/8.jpg"",""time"":416},{""stimulus"":""img/red_ww/9.jpg"",""time"":463},{""stimulus"":""img/red_ww/10.jpg"",""time"":509},{""stimulus"":""img/red_ww/11.jpg"",""time"":556}]","[]",""
"image-keyboard-response","267","251489","0.0-5.0-1.131","63b6cc23f13731158517f900","bdp_lott","Tue Apr 11 2023 00:49:57 GMT-0600 (Mountain Daylight Time)","362375","green","red","","626","","","","choice","","img/red_ww/choose11.jpg","2","94","red","0.5","0.1","0.1","l","","",""
"animation","268","252090","0.0-5.0-2.131","63b6cc23f13731158517f900","bdp_lott","Tue Apr 11 2023 00:49:57 GMT-0600 (Mountain Daylight Time)","362375","green","red","","","","","","","","","","94","","","","","","[{""stimulus"":""img/red_wl/1.jpg"",""time"":55},{""stimulus"":""img/red_wl/2.jpg"",""time"":102},{""stimulus"":""img/red_wl/3.jpg"",""time"":164},{""stimulus"":""img/red_wl/4.jpg"",""time"":210},{""stimulus"":""img/red_wl/5.jpg"",""time"":257},{""stimulus"":""img/red_wl/6.jpg"",""time"":303},{""stimulus"":""img/red_wl/7.jpg"",""time"":350},{""stimulus"":""img/red_wl/8.jpg"",""time"":400},{""stimulus"":""img/red_wl/9.jpg"",""time"":450},{""stimulus"":""img/red_wl/10.jpg"",""time"":500},{""stimulus"":""img/red_wl/11.jpg"",""time"":550}]","[]",""
"image-keyboard-response","269","252529","0.0-5.0-1.132","63b6cc23f13731158517f900","bdp_lott","Tue Apr 11 2023 00:49:57 GMT-0600 (Mountain Daylight Time)","362375","green","red","","438","","","","choice","","img/red_wl/choose11.jpg","2","93","red","0.5","0.1","0.1","l","","",""
"animation","270","253129","0.0-5.0-2.132","63b6cc23f13731158517f900","bdp_lott","Tue Apr 11 2023 00:49:57 GMT-0600 (Mountain Daylight Time)","362375","green","red","","","","","","","","","","93","","","","","","[{""stimulus"":""img/red_wl/1.jpg"",""time"":50},{""stimulus"":""img/red_wl/2.jpg"",""time"":100},{""stimulus"":""img/red_wl/3.jpg"",""time"":163},{""stimulus"":""img/red_wl/4.jpg"",""time"":210},{""stimulus"":""img/red_wl/5.jpg"",""time"":256},{""stimulus"":""img/red_wl/6.jpg"",""time"":300},{""stimulus"":""img/red_wl/7.jpg"",""time"":350},{""stimulus"":""img/red_wl/8.jpg"",""time"":400},{""stimulus"":""img/red_wl/9.jpg"",""time"":450},{""stimulus"":""img/red_wl/10.jpg"",""time"":500},{""stimulus"":""img/red_wl/11.jpg"",""time"":550}]","[]",""
"image-keyboard-response","271","253598","0.0-5.0-1.133","63b6cc23f13731158517f900","bdp_lott","Tue Apr 11 2023 00:49:57 GMT-0600 (Mountain Daylight Time)","362375","green","red","","468","","","","choice","","img/red_wl/choose11.jpg","1","92","green","0.5","0.1","0.5","w","","",""
"animation","272","254198","0.0-5.0-2.133","63b6cc23f13731158517f900","bdp_lott","Tue Apr 11 2023 00:49:57 GMT-0600 (Mountain Daylight Time)","362375","green","red","","","","","","","","","","92","","","","","","[{""stimulus"":""img/green_wl/1.jpg"",""time"":54},{""stimulus"":""img/green_wl/2.jpg"",""time"":101},{""stimulus"":""img/green_wl/3.jpg"",""time"":156},{""stimulus"":""img/green_wl/4.jpg"",""time"":209},{""stimulus"":""img/green_wl/5.jpg"",""time"":256},{""stimulus"":""img/green_wl/6.jpg"",""time"":302},{""stimulus"":""img/green_wl/7.jpg"",""time"":364},{""stimulus"":""img/green_wl/8.jpg"",""time"":400},{""stimulus"":""img/green_wl/9.jpg"",""time"":450},{""stimulus"":""img/green_wl/10.jpg"",""time"":504},{""stimulus"":""img/green_wl/11.jpg"",""time"":550}]","[]",""
"image-keyboard-response","273","254665","0.0-5.0-1.134","63b6cc23f13731158517f900","bdp_lott","Tue Apr 11 2023 00:49:57 GMT-0600 (Mountain Daylight Time)","362375","green","red","","467","","","","choice","","img/green_wl/choose11.jpg","1","91","green","0.5","0.1","0.5","l","","",""
"animation","274","255265","0.0-5.0-2.134","63b6cc23f13731158517f900","bdp_lott","Tue Apr 11 2023 00:49:57 GMT-0600 (Mountain Daylight Time)","362375","green","red","","","","","","","","","","91","","","","","","[{""stimulus"":""img/green_ll/1.jpg"",""time"":58},{""stimulus"":""img/green_ll/2.jpg"",""time"":104},{""stimulus"":""img/green_ll/3.jpg"",""time"":151},{""stimulus"":""img/green_ll/4.jpg"",""time"":212},{""stimulus"":""img/green_ll/5.jpg"",""time"":259},{""stimulus"":""img/green_ll/6.jpg"",""time"":305},{""stimulus"":""img/green_ll/7.jpg"",""time"":352},{""stimulus"":""img/green_ll/8.jpg"",""time"":414},{""stimulus"":""img/green_ll/9.jpg"",""time"":450},{""stimulus"":""img/green_ll/10.jpg"",""time"":500},{""stimulus"":""img/green_ll/11.jpg"",""time"":550}]","[]",""
"image-keyboard-response","275","255782","0.0-5.0-1.135","63b6cc23f13731158517f900","bdp_lott","Tue Apr 11 2023 00:49:57 GMT-0600 (Mountain Daylight Time)","362375","green","red","","517","","","","choice","","img/green_ll/choose11.jpg","1","90","green","0.5","0.1","0.5","w","","",""
"animation","276","256383","0.0-5.0-2.135","63b6cc23f13731158517f900","bdp_lott","Tue Apr 11 2023 00:49:57 GMT-0600 (Mountain Daylight Time)","362375","green","red","","","","","","","","","","90","","","","","","[{""stimulus"":""img/green_wl/1.jpg"",""time"":51},{""stimulus"":""img/green_wl/2.jpg"",""time"":104},{""stimulus"":""img/green_wl/3.jpg"",""time"":151},{""stimulus"":""img/green_wl/4.jpg"",""time"":213},{""stimulus"":""img/green_wl/5.jpg"",""time"":251},{""stimulus"":""img/green_wl/6.jpg"",""time"":301},{""stimulus"":""img/green_wl/7.jpg"",""time"":351},{""stimulus"":""img/green_wl/8.jpg"",""time"":414},{""stimulus"":""img/green_wl/9.jpg"",""time"":451},{""stimulus"":""img/green_wl/10.jpg"",""time"":507},{""stimulus"":""img/green_wl/11.jpg"",""time"":554}]","[]",""
"image-keyboard-response","277","257072","0.0-5.0-1.136","63b6cc23f13731158517f900","bdp_lott","Tue Apr 11 2023 00:49:57 GMT-0600 (Mountain Daylight Time)","362375","green","red","","689","","","","choice","","img/green_wl/choose11.jpg","1","89","green","0.5","0.1","0.5","l","","",""
"animation","278","257672","0.0-5.0-2.136","63b6cc23f13731158517f900","bdp_lott","Tue Apr 11 2023 00:49:57 GMT-0600 (Mountain Daylight Time)","362375","green","red","","","","","","","","","","89","","","","","","[{""stimulus"":""img/green_ll/1.jpg"",""time"":50},{""stimulus"":""img/green_ll/2.jpg"",""time"":100},{""stimulus"":""img/green_ll/3.jpg"",""time"":163},{""stimulus"":""img/green_ll/4.jpg"",""time"":200},{""stimulus"":""img/green_ll/5.jpg"",""time"":250},{""stimulus"":""img/green_ll/6.jpg"",""time"":300},{""stimulus"":""img/green_ll/7.jpg"",""time"":350},{""stimulus"":""img/green_ll/8.jpg"",""time"":400},{""stimulus"":""img/green_ll/9.jpg"",""time"":450},{""stimulus"":""img/green_ll/10.jpg"",""time"":500},{""stimulus"":""img/green_ll/11.jpg"",""time"":550}]","[]",""
"image-keyboard-response","279","258370","0.0-5.0-1.137","63b6cc23f13731158517f900","bdp_lott","Tue Apr 11 2023 00:49:57 GMT-0600 (Mountain Daylight Time)","362375","green","red","","698","","","","choice","","img/green_ll/choose11.jpg","1","88","green","0.5","0.1","0.5","l","","",""
"animation","280","258985","0.0-5.0-2.137","63b6cc23f13731158517f900","bdp_lott","Tue Apr 11 2023 00:49:57 GMT-0600 (Mountain Daylight Time)","362375","green","red","","","","","","","","","","88","","","","","","[{""stimulus"":""img/green_ll/1.jpg"",""time"":50},{""stimulus"":""img/green_ll/2.jpg"",""time"":100},{""stimulus"":""img/green_ll/3.jpg"",""time"":151},{""stimulus"":""img/green_ll/4.jpg"",""time"":201},{""stimulus"":""img/green_ll/5.jpg"",""time"":250},{""stimulus"":""img/green_ll/6.jpg"",""time"":301},{""stimulus"":""img/green_ll/7.jpg"",""time"":351},{""stimulus"":""img/green_ll/8.jpg"",""time"":401},{""stimulus"":""img/green_ll/9.jpg"",""time"":460},{""stimulus"":""img/green_ll/10.jpg"",""time"":501},{""stimulus"":""img/green_ll/11.jpg"",""time"":553}]","[]",""
"image-keyboard-response","281","259520","0.0-5.0-1.138","63b6cc23f13731158517f900","bdp_lott","Tue Apr 11 2023 00:49:57 GMT-0600 (Mountain Daylight Time)","362375","green","red","","535","","","","choice","","img/green_ll/choose11.jpg","1","87","green","0.5","0.1","0.5","w","","",""
"animation","282","260132","0.0-5.0-2.138","63b6cc23f13731158517f900","bdp_lott","Tue Apr 11 2023 00:49:57 GMT-0600 (Mountain Daylight Time)","362375","green","red","","","","","","","","","","87","","","","","","[{""stimulus"":""img/green_wl/1.jpg"",""time"":54},{""stimulus"":""img/green_wl/2.jpg"",""time"":101},{""stimulus"":""img/green_wl/3.jpg"",""time"":163},{""stimulus"":""img/green_wl/4.jpg"",""time"":209},{""stimulus"":""img/green_wl/5.jpg"",""time"":256},{""stimulus"":""img/green_wl/6.jpg"",""time"":302},{""stimulus"":""img/green_wl/7.jpg"",""time"":364},{""stimulus"":""img/green_wl/8.jpg"",""time"":411},{""stimulus"":""img/green_wl/9.jpg"",""time"":457},{""stimulus"":""img/green_wl/10.jpg"",""time"":504},{""stimulus"":""img/green_wl/11.jpg"",""time"":566}]","[]",""
"image-keyboard-response","283","260458","0.0-5.0-1.139","63b6cc23f13731158517f900","bdp_lott","Tue Apr 11 2023 00:49:57 GMT-0600 (Mountain Daylight Time)","362375","green","red","","326","","","","choice","","img/green_wl/choose11.jpg","2","86","red","0.5","0.1","0.1","l","","",""
"animation","284","261062","0.0-5.0-2.139","63b6cc23f13731158517f900","bdp_lott","Tue Apr 11 2023 00:49:57 GMT-0600 (Mountain Daylight Time)","362375","green","red","","","","","","","","","","86","","","","","","[{""stimulus"":""img/red_wl/1.jpg"",""time"":62},{""stimulus"":""img/red_wl/2.jpg"",""time"":108},{""stimulus"":""img/red_wl/3.jpg"",""time"":155},{""stimulus"":""img/red_wl/4.jpg"",""time"":201},{""stimulus"":""img/red_wl/5.jpg"",""time"":263},{""stimulus"":""img/red_wl/6.jpg"",""time"":310},{""stimulus"":""img/red_wl/7.jpg"",""time"":356},{""stimulus"":""img/red_wl/8.jpg"",""time"":403},{""stimulus"":""img/red_wl/9.jpg"",""time"":465},{""stimulus"":""img/red_wl/10.jpg"",""time"":511},{""stimulus"":""img/red_wl/11.jpg"",""time"":558}]","[]",""
"image-keyboard-response","285","261570","0.0-5.0-1.140","63b6cc23f13731158517f900","bdp_lott","Tue Apr 11 2023 00:49:57 GMT-0600 (Mountain Daylight Time)","362375","green","red","","508","","","","choice","","img/red_wl/choose11.jpg","2","85","red","0.5","0.1","0.1","l","","",""
"animation","286","262178","0.0-5.0-2.140","63b6cc23f13731158517f900","bdp_lott","Tue Apr 11 2023 00:49:57 GMT-0600 (Mountain Daylight Time)","362375","green","red","","","","","","","","","","85","","","","","","[{""stimulus"":""img/red_wl/1.jpg"",""time"":66},{""stimulus"":""img/red_wl/2.jpg"",""time"":112},{""stimulus"":""img/red_wl/3.jpg"",""time"":159},{""stimulus"":""img/red_wl/4.jpg"",""time"":205},{""stimulus"":""img/red_wl/5.jpg"",""time"":252},{""stimulus"":""img/red_wl/6.jpg"",""time"":314},{""stimulus"":""img/red_wl/7.jpg"",""time"":360},{""stimulus"":""img/red_wl/8.jpg"",""time"":407},{""stimulus"":""img/red_wl/9.jpg"",""time"":453},{""stimulus"":""img/red_wl/10.jpg"",""time"":515},{""stimulus"":""img/red_wl/11.jpg"",""time"":562}]","[]",""
"image-keyboard-response","287","262695","0.0-5.0-1.141","63b6cc23f13731158517f900","bdp_lott","Tue Apr 11 2023 00:49:57 GMT-0600 (Mountain Daylight Time)","362375","green","red","","516","","","","choice","","img/red_wl/choose11.jpg","2","84","red","0.5","0.1","0.1","l","","",""
"animation","288","263295","0.0-5.0-2.141","63b6cc23f13731158517f900","bdp_lott","Tue Apr 11 2023 00:49:57 GMT-0600 (Mountain Daylight Time)","362375","green","red","","","","","","","","","","84","","","","","","[{""stimulus"":""img/red_wl/1.jpg"",""time"":57},{""stimulus"":""img/red_wl/2.jpg"",""time"":103},{""stimulus"":""img/red_wl/3.jpg"",""time"":166},{""stimulus"":""img/red_wl/4.jpg"",""time"":212},{""stimulus"":""img/red_wl/5.jpg"",""time"":257},{""stimulus"":""img/red_wl/6.jpg"",""time"":304},{""stimulus"":""img/red_wl/7.jpg"",""time"":350},{""stimulus"":""img/red_wl/8.jpg"",""time"":400},{""stimulus"":""img/red_wl/9.jpg"",""time"":450},{""stimulus"":""img/red_wl/10.jpg"",""time"":500},{""stimulus"":""img/red_wl/11.jpg"",""time"":550}]","[]",""
"image-keyboard-response","289","263712","0.0-5.0-1.142","63b6cc23f13731158517f900","bdp_lott","Tue Apr 11 2023 00:49:57 GMT-0600 (Mountain Daylight Time)","362375","green","red","","416","","","","choice","","img/red_wl/choose11.jpg","1","83","green","0.5","0.1","0.5","w","","",""
"animation","290","264313","0.0-5.0-2.142","63b6cc23f13731158517f900","bdp_lott","Tue Apr 11 2023 00:49:57 GMT-0600 (Mountain Daylight Time)","362375","green","red","","","","","","","","","","83","","","","","","[{""stimulus"":""img/green_wl/1.jpg"",""time"":63},{""stimulus"":""img/green_wl/2.jpg"",""time"":109},{""stimulus"":""img/green_wl/3.jpg"",""time"":156},{""stimulus"":""img/green_wl/4.jpg"",""time"":201},{""stimulus"":""img/green_wl/5.jpg"",""time"":251},{""stimulus"":""img/green_wl/6.jpg"",""time"":301},{""stimulus"":""img/green_wl/7.jpg"",""time"":351},{""stimulus"":""img/green_wl/8.jpg"",""time"":401},{""stimulus"":""img/green_wl/9.jpg"",""time"":451},{""stimulus"":""img/green_wl/10.jpg"",""time"":501},{""stimulus"":""img/green_wl/11.jpg"",""time"":551}]","[]",""
"image-keyboard-response","291","264914","0.0-5.0-1.143","63b6cc23f13731158517f900","bdp_lott","Tue Apr 11 2023 00:49:57 GMT-0600 (Mountain Daylight Time)","362375","green","red","","601","","","","choice","","img/green_wl/choose11.jpg","1","82","green","0.5","0.1","0.5","l","","",""
"animation","292","265515","0.0-5.0-2.143","63b6cc23f13731158517f900","bdp_lott","Tue Apr 11 2023 00:49:57 GMT-0600 (Mountain Daylight Time)","362375","green","red","","","","","","","","","","82","","","","","","[{""stimulus"":""img/green_ll/1.jpg"",""time"":52},{""stimulus"":""img/green_ll/2.jpg"",""time"":114},{""stimulus"":""img/green_ll/3.jpg"",""time"":150},{""stimulus"":""img/green_ll/4.jpg"",""time"":200},{""stimulus"":""img/green_ll/5.jpg"",""time"":250},{""stimulus"":""img/green_ll/6.jpg"",""time"":300},{""stimulus"":""img/green_ll/7.jpg"",""time"":350},{""stimulus"":""img/green_ll/8.jpg"",""time"":400},{""stimulus"":""img/green_ll/9.jpg"",""time"":450},{""stimulus"":""img/green_ll/10.jpg"",""time"":502},{""stimulus"":""img/green_ll/11.jpg"",""time"":550}]","[]",""
"image-keyboard-response","293","266129","0.0-5.0-1.144","63b6cc23f13731158517f900","bdp_lott","Tue Apr 11 2023 00:49:57 GMT-0600 (Mountain Daylight Time)","362375","green","red","","614","","","","choice","","img/green_ll/choose11.jpg","1","81","green","0.5","0.1","0.5","l","","",""
"animation","294","266734","0.0-5.0-2.144","63b6cc23f13731158517f900","bdp_lott","Tue Apr 11 2023 00:49:57 GMT-0600 (Mountain Daylight Time)","362375","green","red","","","","","","","","","","81","","","","","","[{""stimulus"":""img/green_ll/1.jpg"",""time"":62},{""stimulus"":""img/green_ll/2.jpg"",""time"":108},{""stimulus"":""img/green_ll/3.jpg"",""time"":150},{""stimulus"":""img/green_ll/4.jpg"",""time"":200},{""stimulus"":""img/green_ll/5.jpg"",""time"":250},{""stimulus"":""img/green_ll/6.jpg"",""time"":300},{""stimulus"":""img/green_ll/7.jpg"",""time"":350},{""stimulus"":""img/green_ll/8.jpg"",""time"":402},{""stimulus"":""img/green_ll/9.jpg"",""time"":450},{""stimulus"":""img/green_ll/10.jpg"",""time"":511},{""stimulus"":""img/green_ll/11.jpg"",""time"":558}]","[]",""
"image-keyboard-response","295","267403","0.0-5.0-1.145","63b6cc23f13731158517f900","bdp_lott","Tue Apr 11 2023 00:49:57 GMT-0600 (Mountain Daylight Time)","362375","green","red","","667","","","","choice","","img/green_ll/choose11.jpg","2","80","red","0.5","0.1","0.1","l","","",""
"animation","296","268006","0.0-5.0-2.145","63b6cc23f13731158517f900","bdp_lott","Tue Apr 11 2023 00:49:57 GMT-0600 (Mountain Daylight Time)","362375","green","red","","","","","","","","","","80","","","","","","[{""stimulus"":""img/red_ll/1.jpg"",""time"":61},{""stimulus"":""img/red_ll/2.jpg"",""time"":107},{""stimulus"":""img/red_ll/3.jpg"",""time"":154},{""stimulus"":""img/red_ll/4.jpg"",""time"":215},{""stimulus"":""img/red_ll/5.jpg"",""time"":262},{""stimulus"":""img/red_ll/6.jpg"",""time"":309},{""stimulus"":""img/red_ll/7.jpg"",""time"":355},{""stimulus"":""img/red_ll/8.jpg"",""time"":402},{""stimulus"":""img/red_ll/9.jpg"",""time"":464},{""stimulus"":""img/red_ll/10.jpg"",""time"":510},{""stimulus"":""img/red_ll/11.jpg"",""time"":557}]","[]",""
"image-keyboard-response","297","268461","0.0-5.0-1.146","63b6cc23f13731158517f900","bdp_lott","Tue Apr 11 2023 00:49:57 GMT-0600 (Mountain Daylight Time)","362375","green","red","","455","","","","choice","","img/red_ll/choose11.jpg","2","79","red","0.5","0.1","0.1","l","","",""
"animation","298","269076","0.0-5.0-2.146","63b6cc23f13731158517f900","bdp_lott","Tue Apr 11 2023 00:49:57 GMT-0600 (Mountain Daylight Time)","362375","green","red","","","","","","","","","","79","","","","","","[{""stimulus"":""img/red_ll/1.jpg"",""time"":57},{""stimulus"":""img/red_ll/2.jpg"",""time"":103},{""stimulus"":""img/red_ll/3.jpg"",""time"":165},{""stimulus"":""img/red_ll/4.jpg"",""time"":212},{""stimulus"":""img/red_ll/5.jpg"",""time"":258},{""stimulus"":""img/red_ll/6.jpg"",""time"":304},{""stimulus"":""img/red_ll/7.jpg"",""time"":351},{""stimulus"":""img/red_ll/8.jpg"",""time"":413},{""stimulus"":""img/red_ll/9.jpg"",""time"":460},{""stimulus"":""img/red_ll/10.jpg"",""time"":506},{""stimulus"":""img/red_ll/11.jpg"",""time"":553}]","[]",""
"image-keyboard-response","299","269581","0.0-5.0-1.147","63b6cc23f13731158517f900","bdp_lott","Tue Apr 11 2023 00:49:57 GMT-0600 (Mountain Daylight Time)","362375","green","red","","505","","","","choice","","img/red_ll/choose11.jpg","2","78","red","0.5","0.1","0.1","l","","",""
"animation","300","270181","0.0-5.0-2.147","63b6cc23f13731158517f900","bdp_lott","Tue Apr 11 2023 00:49:57 GMT-0600 (Mountain Daylight Time)","362375","green","red","","","","","","","","","","78","","","","","","[{""stimulus"":""img/red_ll/1.jpg"",""time"":50},{""stimulus"":""img/red_ll/2.jpg"",""time"":114},{""stimulus"":""img/red_ll/3.jpg"",""time"":150},{""stimulus"":""img/red_ll/4.jpg"",""time"":200},{""stimulus"":""img/red_ll/5.jpg"",""time"":250},{""stimulus"":""img/red_ll/6.jpg"",""time"":300},{""stimulus"":""img/red_ll/7.jpg"",""time"":350},{""stimulus"":""img/red_ll/8.jpg"",""time"":400},{""stimulus"":""img/red_ll/9.jpg"",""time"":450},{""stimulus"":""img/red_ll/10.jpg"",""time"":500},{""stimulus"":""img/red_ll/11.jpg"",""time"":550}]","[]",""
"image-keyboard-response","301","270529","0.0-5.0-1.148","63b6cc23f13731158517f900","bdp_lott","Tue Apr 11 2023 00:49:57 GMT-0600 (Mountain Daylight Time)","362375","green","red","","348","","","","choice","","img/red_ll/choose11.jpg","1","77","green","0.5","0.1","0.5","w","","",""
"animation","302","271129","0.0-5.0-2.148","63b6cc23f13731158517f900","bdp_lott","Tue Apr 11 2023 00:49:57 GMT-0600 (Mountain Daylight Time)","362375","green","red","","","","","","","","","","77","","","","","","[{""stimulus"":""img/green_wl/1.jpg"",""time"":65},{""stimulus"":""img/green_wl/2.jpg"",""time"":100},{""stimulus"":""img/green_wl/3.jpg"",""time"":150},{""stimulus"":""img/green_wl/4.jpg"",""time"":200},{""stimulus"":""img/green_wl/5.jpg"",""time"":250},{""stimulus"":""img/green_wl/6.jpg"",""time"":300},{""stimulus"":""img/green_wl/7.jpg"",""time"":350},{""stimulus"":""img/green_wl/8.jpg"",""time"":400},{""stimulus"":""img/green_wl/9.jpg"",""time"":450},{""stimulus"":""img/green_wl/10.jpg"",""time"":500},{""stimulus"":""img/green_wl/11.jpg"",""time"":550}]","[]",""
"image-keyboard-response","303","271761","0.0-5.0-1.149","63b6cc23f13731158517f900","bdp_lott","Tue Apr 11 2023 00:49:57 GMT-0600 (Mountain Daylight Time)","362375","green","red","","631","","","","choice","","img/green_wl/choose11.jpg","1","76","green","0.5","0.1","0.5","w","","",""
"animation","304","272362","0.0-5.0-2.149","63b6cc23f13731158517f900","bdp_lott","Tue Apr 11 2023 00:49:57 GMT-0600 (Mountain Daylight Time)","362375","green","red","","","","","","","","","","76","","","","","","[{""stimulus"":""img/green_wl/1.jpg"",""time"":58},{""stimulus"":""img/green_wl/2.jpg"",""time"":105},{""stimulus"":""img/green_wl/3.jpg"",""time"":151},{""stimulus"":""img/green_wl/4.jpg"",""time"":202},{""stimulus"":""img/green_wl/5.jpg"",""time"":251},{""stimulus"":""img/green_wl/6.jpg"",""time"":301},{""stimulus"":""img/green_wl/7.jpg"",""time"":351},{""stimulus"":""img/green_wl/8.jpg"",""time"":401},{""stimulus"":""img/green_wl/9.jpg"",""time"":451},{""stimulus"":""img/green_wl/10.jpg"",""time"":508},{""stimulus"":""img/green_wl/11.jpg"",""time"":551}]","[]",""
"image-keyboard-response","305","272799","0.0-5.0-1.150","63b6cc23f13731158517f900","bdp_lott","Tue Apr 11 2023 00:49:57 GMT-0600 (Mountain Daylight Time)","362375","green","red","","437","","","","choice","","img/green_wl/choose11.jpg","1","75","green","0.5","0.1","0.5","l","","",""
"animation","306","273415","0.0-5.0-2.150","63b6cc23f13731158517f900","bdp_lott","Tue Apr 11 2023 00:49:57 GMT-0600 (Mountain Daylight Time)","362375","green","red","","","","","","","","","","75","","","","","","[{""stimulus"":""img/green_ll/1.jpg"",""time"":58},{""stimulus"":""img/green_ll/2.jpg"",""time"":104},{""stimulus"":""img/green_ll/3.jpg"",""time"":166},{""stimulus"":""img/green_ll/4.jpg"",""time"":213},{""stimulus"":""img/green_ll/5.jpg"",""time"":259},{""stimulus"":""img/green_ll/6.jpg"",""time"":306},{""stimulus"":""img/green_ll/7.jpg"",""time"":352},{""stimulus"":""img/green_ll/8.jpg"",""time"":414},{""stimulus"":""img/green_ll/9.jpg"",""time"":461},{""stimulus"":""img/green_ll/10.jpg"",""time"":507},{""stimulus"":""img/green_ll/11.jpg"",""time"":554}]","[]",""
"image-keyboard-response","307","274315","0.0-5.0-1.151","63b6cc23f13731158517f900","bdp_lott","Tue Apr 11 2023 00:49:57 GMT-0600 (Mountain Daylight Time)","362375","green","red","","900","","","","choice","","img/green_ll/choose11.jpg","2","74","red","0.5","0.5","0.5","w","","",""
"animation","308","274918","0.0-5.0-2.151","63b6cc23f13731158517f900","bdp_lott","Tue Apr 11 2023 00:49:57 GMT-0600 (Mountain Daylight Time)","362375","green","red","","","","","","","","","","74","","","","","","[{""stimulus"":""img/red_lw/1.jpg"",""time"":61},{""stimulus"":""img/red_lw/2.jpg"",""time"":101},{""stimulus"":""img/red_lw/3.jpg"",""time"":154},{""stimulus"":""img/red_lw/4.jpg"",""time"":201},{""stimulus"":""img/red_lw/5.jpg"",""time"":262},{""stimulus"":""img/red_lw/6.jpg"",""time"":309},{""stimulus"":""img/red_lw/7.jpg"",""time"":351},{""stimulus"":""img/red_lw/8.jpg"",""time"":401},{""stimulus"":""img/red_lw/9.jpg"",""time"":451},{""stimulus"":""img/red_lw/10.jpg"",""time"":510},{""stimulus"":""img/red_lw/11.jpg"",""time"":557}]","[]",""
"image-keyboard-response","309","275849","0.0-5.0-1.152","63b6cc23f13731158517f900","bdp_lott","Tue Apr 11 2023 00:49:57 GMT-0600 (Mountain Daylight Time)","362375","green","red","","930","","","","choice","","img/red_lw/choose11.jpg","1","73","green","0.5","0.5","0.5","l","","",""
"animation","310","276450","0.0-5.0-2.152","63b6cc23f13731158517f900","bdp_lott","Tue Apr 11 2023 00:49:57 GMT-0600 (Mountain Daylight Time)","362375","green","red","","","","","","","","","","73","","","","","","[{""stimulus"":""img/green_lw/1.jpg"",""time"":62},{""stimulus"":""img/green_lw/2.jpg"",""time"":109},{""stimulus"":""img/green_lw/3.jpg"",""time"":155},{""stimulus"":""img/green_lw/4.jpg"",""time"":202},{""stimulus"":""img/green_lw/5.jpg"",""time"":264},{""stimulus"":""img/green_lw/6.jpg"",""time"":310},{""stimulus"":""img/green_lw/7.jpg"",""time"":357},{""stimulus"":""img/green_lw/8.jpg"",""time"":403},{""stimulus"":""img/green_lw/9.jpg"",""time"":465},{""stimulus"":""img/green_lw/10.jpg"",""time"":501},{""stimulus"":""img/green_lw/11.jpg"",""time"":551}]","[]",""
"image-keyboard-response","311","277384","0.0-5.0-1.153","63b6cc23f13731158517f900","bdp_lott","Tue Apr 11 2023 00:49:57 GMT-0600 (Mountain Daylight Time)","362375","green","red","","934","","","","choice","","img/green_lw/choose11.jpg","2","72","red","0.5","0.5","0.5","l","","",""
"animation","312","277985","0.0-5.0-2.153","63b6cc23f13731158517f900","bdp_lott","Tue Apr 11 2023 00:49:57 GMT-0600 (Mountain Daylight Time)","362375","green","red","","","","","","","","","","72","","","","","","[{""stimulus"":""img/red_ll/1.jpg"",""time"":62},{""stimulus"":""img/red_ll/2.jpg"",""time"":108},{""stimulus"":""img/red_ll/3.jpg"",""time"":151},{""stimulus"":""img/red_ll/4.jpg"",""time"":201},{""stimulus"":""img/red_ll/5.jpg"",""time"":262},{""stimulus"":""img/red_ll/6.jpg"",""time"":309},{""stimulus"":""img/red_ll/7.jpg"",""time"":351},{""stimulus"":""img/red_ll/8.jpg"",""time"":401},{""stimulus"":""img/red_ll/9.jpg"",""time"":464},{""stimulus"":""img/red_ll/10.jpg"",""time"":510},{""stimulus"":""img/red_ll/11.jpg"",""time"":557}]","[]",""
"image-keyboard-response","313","278488","0.0-5.0-1.154","63b6cc23f13731158517f900","bdp_lott","Tue Apr 11 2023 00:49:57 GMT-0600 (Mountain Daylight Time)","362375","green","red","","503","","","","choice","","img/red_ll/choose11.jpg","2","71","red","0.5","0.5","0.5","l","","",""
"animation","314","279089","0.0-5.0-2.154","63b6cc23f13731158517f900","bdp_lott","Tue Apr 11 2023 00:49:57 GMT-0600 (Mountain Daylight Time)","362375","green","red","","","","","","","","","","71","","","","","","[{""stimulus"":""img/red_ll/1.jpg"",""time"":56},{""stimulus"":""img/red_ll/2.jpg"",""time"":103},{""stimulus"":""img/red_ll/3.jpg"",""time"":150},{""stimulus"":""img/red_ll/4.jpg"",""time"":200},{""stimulus"":""img/red_ll/5.jpg"",""time"":250},{""stimulus"":""img/red_ll/6.jpg"",""time"":300},{""stimulus"":""img/red_ll/7.jpg"",""time"":350},{""stimulus"":""img/red_ll/8.jpg"",""time"":413},{""stimulus"":""img/red_ll/9.jpg"",""time"":459},{""stimulus"":""img/red_ll/10.jpg"",""time"":505},{""stimulus"":""img/red_ll/11.jpg"",""time"":550}]","[]",""
"image-keyboard-response","315","279509","0.0-5.0-1.155","63b6cc23f13731158517f900","bdp_lott","Tue Apr 11 2023 00:49:57 GMT-0600 (Mountain Daylight Time)","362375","green","red","","420","","","","choice","","img/red_ll/choose11.jpg","1","70","green","0.5","0.5","0.5","w","","",""
"animation","316","280111","0.0-5.0-2.155","63b6cc23f13731158517f900","bdp_lott","Tue Apr 11 2023 00:49:57 GMT-0600 (Mountain Daylight Time)","362375","green","red","","","","","","","","","","70","","","","","","[{""stimulus"":""img/green_wl/1.jpg"",""time"":59},{""stimulus"":""img/green_wl/2.jpg"",""time"":106},{""stimulus"":""img/green_wl/3.jpg"",""time"":152},{""stimulus"":""img/green_wl/4.jpg"",""time"":214},{""stimulus"":""img/green_wl/5.jpg"",""time"":261},{""stimulus"":""img/green_wl/6.jpg"",""time"":307},{""stimulus"":""img/green_wl/7.jpg"",""time"":354},{""stimulus"":""img/green_wl/8.jpg"",""time"":416},{""stimulus"":""img/green_wl/9.jpg"",""time"":462},{""stimulus"":""img/green_wl/10.jpg"",""time"":509},{""stimulus"":""img/green_wl/11.jpg"",""time"":555}]","[]",""
"image-keyboard-response","317","280655","0.0-5.0-1.156","63b6cc23f13731158517f900","bdp_lott","Tue Apr 11 2023 00:49:57 GMT-0600 (Mountain Daylight Time)","362375","green","red","","543","","","","choice","","img/green_wl/choose11.jpg","1","69","green","0.5","0.5","0.5","l","","",""
"animation","318","281271","0.0-5.0-2.156","63b6cc23f13731158517f900","bdp_lott","Tue Apr 11 2023 00:49:57 GMT-0600 (Mountain Daylight Time)","362375","green","red","","","","","","","","","","69","","","","","","[{""stimulus"":""img/green_ll/1.jpg"",""time"":58},{""stimulus"":""img/green_ll/2.jpg"",""time"":105},{""stimulus"":""img/green_ll/3.jpg"",""time"":157},{""stimulus"":""img/green_ll/4.jpg"",""time"":213},{""stimulus"":""img/green_ll/5.jpg"",""time"":259},{""stimulus"":""img/green_ll/6.jpg"",""time"":305},{""stimulus"":""img/green_ll/7.jpg"",""time"":352},{""stimulus"":""img/green_ll/8.jpg"",""time"":414},{""stimulus"":""img/green_ll/9.jpg"",""time"":460},{""stimulus"":""img/green_ll/10.jpg"",""time"":507},{""stimulus"":""img/green_ll/11.jpg"",""time"":553}]","[]",""
"image-keyboard-response","319","282011","0.0-5.0-1.157","63b6cc23f13731158517f900","bdp_lott","Tue Apr 11 2023 00:49:57 GMT-0600 (Mountain Daylight Time)","362375","green","red","","740","","","","choice","","img/green_ll/choose11.jpg","2","68","red","0.5","0.5","0.5","l","","",""
"animation","320","282612","0.0-5.0-2.157","63b6cc23f13731158517f900","bdp_lott","Tue Apr 11 2023 00:49:57 GMT-0600 (Mountain Daylight Time)","362375","green","red","","","","","","","","","","68","","","","","","[{""stimulus"":""img/red_ll/1.jpg"",""time"":50},{""stimulus"":""img/red_ll/2.jpg"",""time"":100},{""stimulus"":""img/red_ll/3.jpg"",""time"":150},{""stimulus"":""img/red_ll/4.jpg"",""time"":200},{""stimulus"":""img/red_ll/5.jpg"",""time"":250},{""stimulus"":""img/red_ll/6.jpg"",""time"":300},{""stimulus"":""img/red_ll/7.jpg"",""time"":350},{""stimulus"":""img/red_ll/8.jpg"",""time"":400},{""stimulus"":""img/red_ll/9.jpg"",""time"":450},{""stimulus"":""img/red_ll/10.jpg"",""time"":500},{""stimulus"":""img/red_ll/11.jpg"",""time"":560}]","[]",""
"image-keyboard-response","321","283893","0.0-5.0-1.158","63b6cc23f13731158517f900","bdp_lott","Tue Apr 11 2023 00:49:57 GMT-0600 (Mountain Daylight Time)","362375","green","red","","1281","","","","choice","","img/red_ll/choose11.jpg","2","67","red","0.5","0.5","0.5","w","","",""
"animation","322","284494","0.0-5.0-2.158","63b6cc23f13731158517f900","bdp_lott","Tue Apr 11 2023 00:49:57 GMT-0600 (Mountain Daylight Time)","362375","green","red","","","","","","","","","","67","","","","","","[{""stimulus"":""img/red_lw/1.jpg"",""time"":50},{""stimulus"":""img/red_lw/2.jpg"",""time"":104},{""stimulus"":""img/red_lw/3.jpg"",""time"":151},{""stimulus"":""img/red_lw/4.jpg"",""time"":200},{""stimulus"":""img/red_lw/5.jpg"",""time"":260},{""stimulus"":""img/red_lw/6.jpg"",""time"":300},{""stimulus"":""img/red_lw/7.jpg"",""time"":350},{""stimulus"":""img/red_lw/8.jpg"",""time"":400},{""stimulus"":""img/red_lw/9.jpg"",""time"":450},{""stimulus"":""img/red_lw/10.jpg"",""time"":508},{""stimulus"":""img/red_lw/11.jpg"",""time"":555}]","[]",""
"image-keyboard-response","323","284843","0.0-5.0-1.159","63b6cc23f13731158517f900","bdp_lott","Tue Apr 11 2023 00:49:57 GMT-0600 (Mountain Daylight Time)","362375","green","red","","348","","","","choice","","img/red_lw/choose11.jpg","1","66","green","0.5","0.5","0.5","w","","",""
"animation","324","285456","0.0-5.0-2.159","63b6cc23f13731158517f900","bdp_lott","Tue Apr 11 2023 00:49:57 GMT-0600 (Mountain Daylight Time)","362375","green","red","","","","","","","","","","66","","","","","","[{""stimulus"":""img/green_ww/1.jpg"",""time"":55},{""stimulus"":""img/green_ww/2.jpg"",""time"":102},{""stimulus"":""img/green_ww/3.jpg"",""time"":151},{""stimulus"":""img/green_ww/4.jpg"",""time"":201},{""stimulus"":""img/green_ww/5.jpg"",""time"":251},{""stimulus"":""img/green_ww/6.jpg"",""time"":301},{""stimulus"":""img/green_ww/7.jpg"",""time"":351},{""stimulus"":""img/green_ww/8.jpg"",""time"":412},{""stimulus"":""img/green_ww/9.jpg"",""time"":458},{""stimulus"":""img/green_ww/10.jpg"",""time"":505},{""stimulus"":""img/green_ww/11.jpg"",""time"":551}]","[]",""
"image-keyboard-response","325","286008","0.0-5.0-1.160","63b6cc23f13731158517f900","bdp_lott","Tue Apr 11 2023 00:49:57 GMT-0600 (Mountain Daylight Time)","362375","green","red","","552","","","","choice","","img/green_ww/choose11.jpg","1","65","green","0.5","0.5","0.5","l","","",""
"animation","326","286619","0.0-5.0-2.160","63b6cc23f13731158517f900","bdp_lott","Tue Apr 11 2023 00:49:57 GMT-0600 (Mountain Daylight Time)","362375","green","red","","","","","","","","","","65","","","","","","[{""stimulus"":""img/green_lw/1.jpg"",""time"":53},{""stimulus"":""img/green_lw/2.jpg"",""time"":115},{""stimulus"":""img/green_lw/3.jpg"",""time"":161},{""stimulus"":""img/green_lw/4.jpg"",""time"":208},{""stimulus"":""img/green_lw/5.jpg"",""time"":254},{""stimulus"":""img/green_lw/6.jpg"",""time"":301},{""stimulus"":""img/green_lw/7.jpg"",""time"":363},{""stimulus"":""img/green_lw/8.jpg"",""time"":409},{""stimulus"":""img/green_lw/9.jpg"",""time"":455},{""stimulus"":""img/green_lw/10.jpg"",""time"":502},{""stimulus"":""img/green_lw/11.jpg"",""time"":564}]","[]",""
"image-keyboard-response","327","287576","0.0-5.0-1.161","63b6cc23f13731158517f900","bdp_lott","Tue Apr 11 2023 00:49:57 GMT-0600 (Mountain Daylight Time)","362375","green","red","","957","","","","choice","","img/green_lw/choose11.jpg","2","64","red","0.5","0.5","0.5","l","","",""
"animation","328","288176","0.0-5.0-2.161","63b6cc23f13731158517f900","bdp_lott","Tue Apr 11 2023 00:49:57 GMT-0600 (Mountain Daylight Time)","362375","green","red","","","","","","","","","","64","","","","","","[{""stimulus"":""img/red_ll/1.jpg"",""time"":65},{""stimulus"":""img/red_ll/2.jpg"",""time"":111},{""stimulus"":""img/red_ll/3.jpg"",""time"":158},{""stimulus"":""img/red_ll/4.jpg"",""time"":204},{""stimulus"":""img/red_ll/5.jpg"",""time"":251},{""stimulus"":""img/red_ll/6.jpg"",""time"":313},{""stimulus"":""img/red_ll/7.jpg"",""time"":359},{""stimulus"":""img/red_ll/8.jpg"",""time"":406},{""stimulus"":""img/red_ll/9.jpg"",""time"":452},{""stimulus"":""img/red_ll/10.jpg"",""time"":514},{""stimulus"":""img/red_ll/11.jpg"",""time"":550}]","[]",""
"image-keyboard-response","329","288663","0.0-5.0-1.162","63b6cc23f13731158517f900","bdp_lott","Tue Apr 11 2023 00:49:57 GMT-0600 (Mountain Daylight Time)","362375","green","red","","486","","","","choice","","img/red_ll/choose11.jpg","2","63","red","0.5","0.5","0.5","w","","",""
"animation","330","289268","0.0-5.0-2.162","63b6cc23f13731158517f900","bdp_lott","Tue Apr 11 2023 00:49:57 GMT-0600 (Mountain Daylight Time)","362375","green","red","","","","","","","","","","63","","","","","","[{""stimulus"":""img/red_lw/1.jpg"",""time"":63},{""stimulus"":""img/red_lw/2.jpg"",""time"":100},{""stimulus"":""img/red_lw/3.jpg"",""time"":156},{""stimulus"":""img/red_lw/4.jpg"",""time"":200},{""stimulus"":""img/red_lw/5.jpg"",""time"":251},{""stimulus"":""img/red_lw/6.jpg"",""time"":311},{""stimulus"":""img/red_lw/7.jpg"",""time"":357},{""stimulus"":""img/red_lw/8.jpg"",""time"":404},{""stimulus"":""img/red_lw/9.jpg"",""time"":466},{""stimulus"":""img/red_lw/10.jpg"",""time"":501},{""stimulus"":""img/red_lw/11.jpg"",""time"":559}]","[]",""
"image-keyboard-response","331","290003","0.0-5.0-1.163","63b6cc23f13731158517f900","bdp_lott","Tue Apr 11 2023 00:49:57 GMT-0600 (Mountain Daylight Time)","362375","green","red","","734","","","","choice","","img/red_lw/choose11.jpg","1","62","green","0.5","0.5","0.5","w","","",""
"animation","332","290604","0.0-5.0-2.163","63b6cc23f13731158517f900","bdp_lott","Tue Apr 11 2023 00:49:57 GMT-0600 (Mountain Daylight Time)","362375","green","red","","","","","","","","","","62","","","","","","[{""stimulus"":""img/green_ww/1.jpg"",""time"":55},{""stimulus"":""img/green_ww/2.jpg"",""time"":101},{""stimulus"":""img/green_ww/3.jpg"",""time"":152},{""stimulus"":""img/green_ww/4.jpg"",""time"":201},{""stimulus"":""img/green_ww/5.jpg"",""time"":256},{""stimulus"":""img/green_ww/6.jpg"",""time"":303},{""stimulus"":""img/green_ww/7.jpg"",""time"":351},{""stimulus"":""img/green_ww/8.jpg"",""time"":401},{""stimulus"":""img/green_ww/9.jpg"",""time"":451},{""stimulus"":""img/green_ww/10.jpg"",""time"":504},{""stimulus"":""img/green_ww/11.jpg"",""time"":551}]","[]",""
"image-keyboard-response","333","291748","0.0-5.0-1.164","63b6cc23f13731158517f900","bdp_lott","Tue Apr 11 2023 00:49:57 GMT-0600 (Mountain Daylight Time)","362375","green","red","","1144","","","","choice","","img/green_ww/choose11.jpg","1","61","green","0.5","0.5","0.5","l","","",""
"animation","334","292349","0.0-5.0-2.164","63b6cc23f13731158517f900","bdp_lott","Tue Apr 11 2023 00:49:57 GMT-0600 (Mountain Daylight Time)","362375","green","red","","","","","","","","","","61","","","","","","[{""stimulus"":""img/green_lw/1.jpg"",""time"":61},{""stimulus"":""img/green_lw/2.jpg"",""time"":108},{""stimulus"":""img/green_lw/3.jpg"",""time"":151},{""stimulus"":""img/green_lw/4.jpg"",""time"":201},{""stimulus"":""img/green_lw/5.jpg"",""time"":251},{""stimulus"":""img/green_lw/6.jpg"",""time"":301},{""stimulus"":""img/green_lw/7.jpg"",""time"":351},{""stimulus"":""img/green_lw/8.jpg"",""time"":401},{""stimulus"":""img/green_lw/9.jpg"",""time"":451},{""stimulus"":""img/green_lw/10.jpg"",""time"":510},{""stimulus"":""img/green_lw/11.jpg"",""time"":552}]","[]",""
"image-keyboard-response","335","292928","0.0-5.0-1.165","63b6cc23f13731158517f900","bdp_lott","Tue Apr 11 2023 00:49:57 GMT-0600 (Mountain Daylight Time)","362375","green","red","","579","","","","choice","","img/green_lw/choose11.jpg","1","60","green","0.5","0.5","0.5","l","","",""
"animation","336","293531","0.0-5.0-2.165","63b6cc23f13731158517f900","bdp_lott","Tue Apr 11 2023 00:49:57 GMT-0600 (Mountain Daylight Time)","362375","green","red","","","","","","","","","","60","","","","","","[{""stimulus"":""img/green_lw/1.jpg"",""time"":60},{""stimulus"":""img/green_lw/2.jpg"",""time"":101},{""stimulus"":""img/green_lw/3.jpg"",""time"":151},{""stimulus"":""img/green_lw/4.jpg"",""time"":201},{""stimulus"":""img/green_lw/5.jpg"",""time"":251},{""stimulus"":""img/green_lw/6.jpg"",""time"":301},{""stimulus"":""img/green_lw/7.jpg"",""time"":355},{""stimulus"":""img/green_lw/8.jpg"",""time"":401},{""stimulus"":""img/green_lw/9.jpg"",""time"":451},{""stimulus"":""img/green_lw/10.jpg"",""time"":510},{""stimulus"":""img/green_lw/11.jpg"",""time"":551}]","[]",""
"image-keyboard-response","337","294085","0.0-5.0-1.166","63b6cc23f13731158517f900","bdp_lott","Tue Apr 11 2023 00:49:57 GMT-0600 (Mountain Daylight Time)","362375","green","red","","553","","","","choice","","img/green_lw/choose11.jpg","2","59","red","0.5","0.5","0.5","w","","",""
"animation","338","294693","0.0-5.0-2.166","63b6cc23f13731158517f900","bdp_lott","Tue Apr 11 2023 00:49:57 GMT-0600 (Mountain Daylight Time)","362375","green","red","","","","","","","","","","59","","","","","","[{""stimulus"":""img/red_lw/1.jpg"",""time"":67},{""stimulus"":""img/red_lw/2.jpg"",""time"":112},{""stimulus"":""img/red_lw/3.jpg"",""time"":158},{""stimulus"":""img/red_lw/4.jpg"",""time"":205},{""stimulus"":""img/red_lw/5.jpg"",""time"":252},{""stimulus"":""img/red_lw/6.jpg"",""time"":314},{""stimulus"":""img/red_lw/7.jpg"",""time"":360},{""stimulus"":""img/red_lw/8.jpg"",""time"":407},{""stimulus"":""img/red_lw/9.jpg"",""time"":453},{""stimulus"":""img/red_lw/10.jpg"",""time"":515},{""stimulus"":""img/red_lw/11.jpg"",""time"":562}]","[]",""
"image-keyboard-response","339","295289","0.0-5.0-1.167","63b6cc23f13731158517f900","bdp_lott","Tue Apr 11 2023 00:49:57 GMT-0600 (Mountain Daylight Time)","362375","green","red","","595","","","","choice","","img/red_lw/choose11.jpg","2","58","red","0.5","0.5","0.5","w","","",""
"animation","340","295903","0.0-5.0-2.167","63b6cc23f13731158517f900","bdp_lott","Tue Apr 11 2023 00:49:57 GMT-0600 (Mountain Daylight Time)","362375","green","red","","","","","","","","","","58","","","","","","[{""stimulus"":""img/red_lw/1.jpg"",""time"":56},{""stimulus"":""img/red_lw/2.jpg"",""time"":102},{""stimulus"":""img/red_lw/3.jpg"",""time"":165},{""stimulus"":""img/red_lw/4.jpg"",""time"":211},{""stimulus"":""img/red_lw/5.jpg"",""time"":258},{""stimulus"":""img/red_lw/6.jpg"",""time"":304},{""stimulus"":""img/red_lw/7.jpg"",""time"":351},{""stimulus"":""img/red_lw/8.jpg"",""time"":413},{""stimulus"":""img/red_lw/9.jpg"",""time"":459},{""stimulus"":""img/red_lw/10.jpg"",""time"":506},{""stimulus"":""img/red_lw/11.jpg"",""time"":552}]","[]",""
"image-keyboard-response","341","296421","0.0-5.0-1.168","63b6cc23f13731158517f900","bdp_lott","Tue Apr 11 2023 00:49:57 GMT-0600 (Mountain Daylight Time)","362375","green","red","","518","","","","choice","","img/red_lw/choose11.jpg","2","57","red","0.5","0.5","0.5","w","","",""
"animation","342","297021","0.0-5.0-2.168","63b6cc23f13731158517f900","bdp_lott","Tue Apr 11 2023 00:49:57 GMT-0600 (Mountain Daylight Time)","362375","green","red","","","","","","","","","","57","","","","","","[{""stimulus"":""img/red_lw/1.jpg"",""time"":56},{""stimulus"":""img/red_lw/2.jpg"",""time"":101},{""stimulus"":""img/red_lw/3.jpg"",""time"":164},{""stimulus"":""img/red_lw/4.jpg"",""time"":211},{""stimulus"":""img/red_lw/5.jpg"",""time"":257},{""stimulus"":""img/red_lw/6.jpg"",""time"":304},{""stimulus"":""img/red_lw/7.jpg"",""time"":366},{""stimulus"":""img/red_lw/8.jpg"",""time"":400},{""stimulus"":""img/red_lw/9.jpg"",""time"":450},{""stimulus"":""img/red_lw/10.jpg"",""time"":500},{""stimulus"":""img/red_lw/11.jpg"",""time"":550}]","[]",""
"image-keyboard-response","343","297440","0.0-5.0-1.169","63b6cc23f13731158517f900","bdp_lott","Tue Apr 11 2023 00:49:57 GMT-0600 (Mountain Daylight Time)","362375","green","red","","419","","","","choice","","img/red_lw/choose11.jpg","2","56","red","0.5","0.5","0.5","l","","",""
"animation","344","298042","0.0-5.0-2.169","63b6cc23f13731158517f900","bdp_lott","Tue Apr 11 2023 00:49:57 GMT-0600 (Mountain Daylight Time)","362375","green","red","","","","","","","","","","56","","","","","","[{""stimulus"":""img/red_ll/1.jpg"",""time"":50},{""stimulus"":""img/red_ll/2.jpg"",""time"":100},{""stimulus"":""img/red_ll/3.jpg"",""time"":153},{""stimulus"":""img/red_ll/4.jpg"",""time"":215},{""stimulus"":""img/red_ll/5.jpg"",""time"":250},{""stimulus"":""img/red_ll/6.jpg"",""time"":308},{""stimulus"":""img/red_ll/7.jpg"",""time"":350},{""stimulus"":""img/red_ll/8.jpg"",""time"":400},{""stimulus"":""img/red_ll/9.jpg"",""time"":450},{""stimulus"":""img/red_ll/10.jpg"",""time"":500},{""stimulus"":""img/red_ll/11.jpg"",""time"":550}]","[]",""
"image-keyboard-response","345","298540","0.0-5.0-1.170","63b6cc23f13731158517f900","bdp_lott","Tue Apr 11 2023 00:49:57 GMT-0600 (Mountain Daylight Time)","362375","green","red","","497","","","","choice","","img/red_ll/choose11.jpg","1","55","green","0.5","0.5","0.5","w","","",""
"animation","346","299143","0.0-5.0-2.170","63b6cc23f13731158517f900","bdp_lott","Tue Apr 11 2023 00:49:57 GMT-0600 (Mountain Daylight Time)","362375","green","red","","","","","","","","","","55","","","","","","[{""stimulus"":""img/green_wl/1.jpg"",""time"":60},{""stimulus"":""img/green_wl/2.jpg"",""time"":107},{""stimulus"":""img/green_wl/3.jpg"",""time"":153},{""stimulus"":""img/green_wl/4.jpg"",""time"":215},{""stimulus"":""img/green_wl/5.jpg"",""time"":262},{""stimulus"":""img/green_wl/6.jpg"",""time"":308},{""stimulus"":""img/green_wl/7.jpg"",""time"":355},{""stimulus"":""img/green_wl/8.jpg"",""time"":401},{""stimulus"":""img/green_wl/9.jpg"",""time"":463},{""stimulus"":""img/green_wl/10.jpg"",""time"":510},{""stimulus"":""img/green_wl/11.jpg"",""time"":556}]","[]",""
"image-keyboard-response","347","299666","0.0-5.0-1.171","63b6cc23f13731158517f900","bdp_lott","Tue Apr 11 2023 00:49:57 GMT-0600 (Mountain Daylight Time)","362375","green","red","","523","","","","choice","","img/green_wl/choose11.jpg","1","54","green","0.5","0.5","0.5","w","","",""
"animation","348","300274","0.0-5.0-2.171","63b6cc23f13731158517f900","bdp_lott","Tue Apr 11 2023 00:49:57 GMT-0600 (Mountain Daylight Time)","362375","green","red","","","","","","","","","","54","","","","","","[{""stimulus"":""img/green_wl/1.jpg"",""time"":66},{""stimulus"":""img/green_wl/2.jpg"",""time"":112},{""stimulus"":""img/green_wl/3.jpg"",""time"":159},{""stimulus"":""img/green_wl/4.jpg"",""time"":205},{""stimulus"":""img/green_wl/5.jpg"",""time"":252},{""stimulus"":""img/green_wl/6.jpg"",""time"":314},{""stimulus"":""img/green_wl/7.jpg"",""time"":360},{""stimulus"":""img/green_wl/8.jpg"",""time"":407},{""stimulus"":""img/green_wl/9.jpg"",""time"":453},{""stimulus"":""img/green_wl/10.jpg"",""time"":515},{""stimulus"":""img/green_wl/11.jpg"",""time"":551}]","[]",""
"image-keyboard-response","349","300687","0.0-5.0-1.172","63b6cc23f13731158517f900","bdp_lott","Tue Apr 11 2023 00:49:57 GMT-0600 (Mountain Daylight Time)","362375","green","red","","413","","","","choice","","img/green_wl/choose11.jpg","1","53","green","0.5","0.5","0.5","l","","",""
"animation","350","301297","0.0-5.0-2.172","63b6cc23f13731158517f900","bdp_lott","Tue Apr 11 2023 00:49:57 GMT-0600 (Mountain Daylight Time)","362375","green","red","","","","","","","","","","53","","","","","","[{""stimulus"":""img/green_ll/1.jpg"",""time"":51},{""stimulus"":""img/green_ll/2.jpg"",""time"":114},{""stimulus"":""img/green_ll/3.jpg"",""time"":151},{""stimulus"":""img/green_ll/4.jpg"",""time"":201},{""stimulus"":""img/green_ll/5.jpg"",""time"":251},{""stimulus"":""img/green_ll/6.jpg"",""time"":316},{""stimulus"":""img/green_ll/7.jpg"",""time"":351},{""stimulus"":""img/green_ll/8.jpg"",""time"":401},{""stimulus"":""img/green_ll/9.jpg"",""time"":455},{""stimulus"":""img/green_ll/10.jpg"",""time"":501},{""stimulus"":""img/green_ll/11.jpg"",""time"":551}]","[]",""
"image-keyboard-response","351","301737","0.0-5.0-1.173","63b6cc23f13731158517f900","bdp_lott","Tue Apr 11 2023 00:49:57 GMT-0600 (Mountain Daylight Time)","362375","green","red","","440","","","","choice","","img/green_ll/choose11.jpg","2","52","red","0.5","0.5","0.5","w","","",""
"animation","352","302338","0.0-5.0-2.173","63b6cc23f13731158517f900","bdp_lott","Tue Apr 11 2023 00:49:57 GMT-0600 (Mountain Daylight Time)","362375","green","red","","","","","","","","","","52","","","","","","[{""stimulus"":""img/red_lw/1.jpg"",""time"":56},{""stimulus"":""img/red_lw/2.jpg"",""time"":103},{""stimulus"":""img/red_lw/3.jpg"",""time"":151},{""stimulus"":""img/red_lw/4.jpg"",""time"":201},{""stimulus"":""img/red_lw/5.jpg"",""time"":251},{""stimulus"":""img/red_lw/6.jpg"",""time"":301},{""stimulus"":""img/red_lw/7.jpg"",""time"":351},{""stimulus"":""img/red_lw/8.jpg"",""time"":401},{""stimulus"":""img/red_lw/9.jpg"",""time"":458},{""stimulus"":""img/red_lw/10.jpg"",""time"":505},{""stimulus"":""img/red_lw/11.jpg"",""time"":551}]","[]",""
"image-keyboard-response","353","302881","0.0-5.0-1.174","63b6cc23f13731158517f900","bdp_lott","Tue Apr 11 2023 00:49:57 GMT-0600 (Mountain Daylight Time)","362375","green","red","","543","","","","choice","","img/red_lw/choose11.jpg","2","51","red","0.5","0.5","0.5","l","","",""
"animation","354","303494","0.0-5.0-2.174","63b6cc23f13731158517f900","bdp_lott","Tue Apr 11 2023 00:49:57 GMT-0600 (Mountain Daylight Time)","362375","green","red","","","","","","","","","","51","","","","","","[{""stimulus"":""img/red_ll/1.jpg"",""time"":57},{""stimulus"":""img/red_ll/2.jpg"",""time"":104},{""stimulus"":""img/red_ll/3.jpg"",""time"":152},{""stimulus"":""img/red_ll/4.jpg"",""time"":212},{""stimulus"":""img/red_ll/5.jpg"",""time"":258},{""stimulus"":""img/red_ll/6.jpg"",""time"":304},{""stimulus"":""img/red_ll/7.jpg"",""time"":366},{""stimulus"":""img/red_ll/8.jpg"",""time"":401},{""stimulus"":""img/red_ll/9.jpg"",""time"":459},{""stimulus"":""img/red_ll/10.jpg"",""time"":506},{""stimulus"":""img/red_ll/11.jpg"",""time"":552}]","[]",""
"image-keyboard-response","355","303937","0.0-5.0-1.175","63b6cc23f13731158517f900","bdp_lott","Tue Apr 11 2023 00:49:57 GMT-0600 (Mountain Daylight Time)","362375","green","red","","442","","","","choice","","img/red_ll/choose11.jpg","2","50","red","0.5","0.5","0.5","l","","",""
"animation","356","304538","0.0-5.0-2.175","63b6cc23f13731158517f900","bdp_lott","Tue Apr 11 2023 00:49:57 GMT-0600 (Mountain Daylight Time)","362375","green","red","","","","","","","","","","50","","","","","","[{""stimulus"":""img/red_ll/1.jpg"",""time"":53},{""stimulus"":""img/red_ll/2.jpg"",""time"":115},{""stimulus"":""img/red_ll/3.jpg"",""time"":162},{""stimulus"":""img/red_ll/4.jpg"",""time"":208},{""stimulus"":""img/red_ll/5.jpg"",""time"":250},{""stimulus"":""img/red_ll/6.jpg"",""time"":301},{""stimulus"":""img/red_ll/7.jpg"",""time"":350},{""stimulus"":""img/red_ll/8.jpg"",""time"":400},{""stimulus"":""img/red_ll/9.jpg"",""time"":450},{""stimulus"":""img/red_ll/10.jpg"",""time"":503},{""stimulus"":""img/red_ll/11.jpg"",""time"":550}]","[]",""
"image-keyboard-response","357","304938","0.0-5.0-1.176","63b6cc23f13731158517f900","bdp_lott","Tue Apr 11 2023 00:49:57 GMT-0600 (Mountain Daylight Time)","362375","green","red","","400","","","","choice","","img/red_ll/choose11.jpg","1","49","green","0.5","0.5","0.5","w","","",""
"animation","358","305539","0.0-5.0-2.176","63b6cc23f13731158517f900","bdp_lott","Tue Apr 11 2023 00:49:57 GMT-0600 (Mountain Daylight Time)","362375","green","red","","","","","","","","","","49","","","","","","[{""stimulus"":""img/green_wl/1.jpg"",""time"":51},{""stimulus"":""img/green_wl/2.jpg"",""time"":107},{""stimulus"":""img/green_wl/3.jpg"",""time"":151},{""stimulus"":""img/green_wl/4.jpg"",""time"":201},{""stimulus"":""img/green_wl/5.jpg"",""time"":262},{""stimulus"":""img/green_wl/6.jpg"",""time"":301},{""stimulus"":""img/green_wl/7.jpg"",""time"":351},{""stimulus"":""img/green_wl/8.jpg"",""time"":401},{""stimulus"":""img/green_wl/9.jpg"",""time"":451},{""stimulus"":""img/green_wl/10.jpg"",""time"":510},{""stimulus"":""img/green_wl/11.jpg"",""time"":551}]","[]",""
"image-keyboard-response","359","306014","0.0-5.0-1.177","63b6cc23f13731158517f900","bdp_lott","Tue Apr 11 2023 00:49:57 GMT-0600 (Mountain Daylight Time)","362375","green","red","","475","","","","choice","","img/green_wl/choose11.jpg","1","48","green","0.5","0.5","0.5","w","","",""
"animation","360","306625","0.0-5.0-2.177","63b6cc23f13731158517f900","bdp_lott","Tue Apr 11 2023 00:49:57 GMT-0600 (Mountain Daylight Time)","362375","green","red","","","","","","","","","","48","","","","","","[{""stimulus"":""img/green_wl/1.jpg"",""time"":52},{""stimulus"":""img/green_wl/2.jpg"",""time"":114},{""stimulus"":""img/green_wl/3.jpg"",""time"":150},{""stimulus"":""img/green_wl/4.jpg"",""time"":207},{""stimulus"":""img/green_wl/5.jpg"",""time"":254},{""stimulus"":""img/green_wl/6.jpg"",""time"":300},{""stimulus"":""img/green_wl/7.jpg"",""time"":362},{""stimulus"":""img/green_wl/8.jpg"",""time"":409},{""stimulus"":""img/green_wl/9.jpg"",""time"":455},{""stimulus"":""img/green_wl/10.jpg"",""time"":502},{""stimulus"":""img/green_wl/11.jpg"",""time"":564}]","[]",""
"image-keyboard-response","361","307035","0.0-5.0-1.178","63b6cc23f13731158517f900","bdp_lott","Tue Apr 11 2023 00:49:57 GMT-0600 (Mountain Daylight Time)","362375","green","red","","409","","","","choice","","img/green_wl/choose11.jpg","1","47","green","0.5","0.5","0.5","l","","",""
"animation","362","307635","0.0-5.0-2.178","63b6cc23f13731158517f900","bdp_lott","Tue Apr 11 2023 00:49:57 GMT-0600 (Mountain Daylight Time)","362375","green","red","","","","","","","","","","47","","","","","","[{""stimulus"":""img/green_ll/1.jpg"",""time"":55},{""stimulus"":""img/green_ll/2.jpg"",""time"":102},{""stimulus"":""img/green_ll/3.jpg"",""time"":150},{""stimulus"":""img/green_ll/4.jpg"",""time"":200},{""stimulus"":""img/green_ll/5.jpg"",""time"":250},{""stimulus"":""img/green_ll/6.jpg"",""time"":300},{""stimulus"":""img/green_ll/7.jpg"",""time"":351},{""stimulus"":""img/green_ll/8.jpg"",""time"":400},{""stimulus"":""img/green_ll/9.jpg"",""time"":450},{""stimulus"":""img/green_ll/10.jpg"",""time"":505},{""stimulus"":""img/green_ll/11.jpg"",""time"":550}]","[]",""
"image-keyboard-response","363","308215","0.0-5.0-1.179","63b6cc23f13731158517f900","bdp_lott","Tue Apr 11 2023 00:49:57 GMT-0600 (Mountain Daylight Time)","362375","green","red","","579","","","","choice","","img/green_ll/choose11.jpg","2","46","red","0.5","0.5","0.5","l","","",""
"animation","364","308816","0.0-5.0-2.179","63b6cc23f13731158517f900","bdp_lott","Tue Apr 11 2023 00:49:57 GMT-0600 (Mountain Daylight Time)","362375","green","red","","","","","","","","","","46","","","","","","[{""stimulus"":""img/red_ll/1.jpg"",""time"":54},{""stimulus"":""img/red_ll/2.jpg"",""time"":101},{""stimulus"":""img/red_ll/3.jpg"",""time"":163},{""stimulus"":""img/red_ll/4.jpg"",""time"":201},{""stimulus"":""img/red_ll/5.jpg"",""time"":256},{""stimulus"":""img/red_ll/6.jpg"",""time"":302},{""stimulus"":""img/red_ll/7.jpg"",""time"":364},{""stimulus"":""img/red_ll/8.jpg"",""time"":401},{""stimulus"":""img/red_ll/9.jpg"",""time"":451},{""stimulus"":""img/red_ll/10.jpg"",""time"":503},{""stimulus"":""img/red_ll/11.jpg"",""time"":551}]","[]",""
"image-keyboard-response","365","309182","0.0-5.0-1.180","63b6cc23f13731158517f900","bdp_lott","Tue Apr 11 2023 00:49:57 GMT-0600 (Mountain Daylight Time)","362375","green","red","","366","","","","choice","","img/red_ll/choose11.jpg","2","45","red","0.5","0.5","0.5","w","","",""
"animation","366","309787","0.0-5.0-2.180","63b6cc23f13731158517f900","bdp_lott","Tue Apr 11 2023 00:49:57 GMT-0600 (Mountain Daylight Time)","362375","green","red","","","","","","","","","","45","","","","","","[{""stimulus"":""img/red_lw/1.jpg"",""time"":64},{""stimulus"":""img/red_lw/2.jpg"",""time"":110},{""stimulus"":""img/red_lw/3.jpg"",""time"":157},{""stimulus"":""img/red_lw/4.jpg"",""time"":203},{""stimulus"":""img/red_lw/5.jpg"",""time"":265},{""stimulus"":""img/red_lw/6.jpg"",""time"":312},{""stimulus"":""img/red_lw/7.jpg"",""time"":358},{""stimulus"":""img/red_lw/8.jpg"",""time"":405},{""stimulus"":""img/red_lw/9.jpg"",""time"":466},{""stimulus"":""img/red_lw/10.jpg"",""time"":512},{""stimulus"":""img/red_lw/11.jpg"",""time"":559}]","[]",""
"image-keyboard-response","367","309978","0.0-5.0-1.181","63b6cc23f13731158517f900","bdp_lott","Tue Apr 11 2023 00:49:57 GMT-0600 (Mountain Daylight Time)","362375","green","red","","191","","","","choice","","img/red_lw/choose11.jpg","2","44","red","0.5","0.5","0.5","l","","",""
"animation","368","310578","0.0-5.0-2.181","63b6cc23f13731158517f900","bdp_lott","Tue Apr 11 2023 00:49:57 GMT-0600 (Mountain Daylight Time)","362375","green","red","","","","","","","","","","44","","","","","","[{""stimulus"":""img/red_ll/1.jpg"",""time"":52},{""stimulus"":""img/red_ll/2.jpg"",""time"":103},{""stimulus"":""img/red_ll/3.jpg"",""time"":165},{""stimulus"":""img/red_ll/4.jpg"",""time"":201},{""stimulus"":""img/red_ll/5.jpg"",""time"":251},{""stimulus"":""img/red_ll/6.jpg"",""time"":301},{""stimulus"":""img/red_ll/7.jpg"",""time"":350},{""stimulus"":""img/red_ll/8.jpg"",""time"":400},{""stimulus"":""img/red_ll/9.jpg"",""time"":450},{""stimulus"":""img/red_ll/10.jpg"",""time"":506},{""stimulus"":""img/red_ll/11.jpg"",""time"":550}]","[]",""
"image-keyboard-response","369","311064","0.0-5.0-1.182","63b6cc23f13731158517f900","bdp_lott","Tue Apr 11 2023 00:49:57 GMT-0600 (Mountain Daylight Time)","362375","green","red","","486","","","","choice","","img/red_ll/choose11.jpg","2","43","red","0.5","0.5","0.5","l","","",""
"animation","370","311676","0.0-5.0-2.182","63b6cc23f13731158517f900","bdp_lott","Tue Apr 11 2023 00:49:57 GMT-0600 (Mountain Daylight Time)","362375","green","red","","","","","","","","","","43","","","","","","[{""stimulus"":""img/red_ll/1.jpg"",""time"":50},{""stimulus"":""img/red_ll/2.jpg"",""time"":100},{""stimulus"":""img/red_ll/3.jpg"",""time"":164},{""stimulus"":""img/red_ll/4.jpg"",""time"":210},{""stimulus"":""img/red_ll/5.jpg"",""time"":257},{""stimulus"":""img/red_ll/6.jpg"",""time"":300},{""stimulus"":""img/red_ll/7.jpg"",""time"":350},{""stimulus"":""img/red_ll/8.jpg"",""time"":412},{""stimulus"":""img/red_ll/9.jpg"",""time"":458},{""stimulus"":""img/red_ll/10.jpg"",""time"":505},{""stimulus"":""img/red_ll/11.jpg"",""time"":551}]","[]",""
"image-keyboard-response","371","312425","0.0-5.0-1.183","63b6cc23f13731158517f900","bdp_lott","Tue Apr 11 2023 00:49:57 GMT-0600 (Mountain Daylight Time)","362375","green","red","","748","","","","choice","","img/red_ll/choose11.jpg","1","42","green","0.5","0.5","0.5","l","","",""
"animation","372","313026","0.0-5.0-2.183","63b6cc23f13731158517f900","bdp_lott","Tue Apr 11 2023 00:49:57 GMT-0600 (Mountain Daylight Time)","362375","green","red","","","","","","","","","","42","","","","","","[{""stimulus"":""img/green_ll/1.jpg"",""time"":57},{""stimulus"":""img/green_ll/2.jpg"",""time"":101},{""stimulus"":""img/green_ll/3.jpg"",""time"":151},{""stimulus"":""img/green_ll/4.jpg"",""time"":201},{""stimulus"":""img/green_ll/5.jpg"",""time"":259},{""stimulus"":""img/green_ll/6.jpg"",""time"":301},{""stimulus"":""img/green_ll/7.jpg"",""time"":351},{""stimulus"":""img/green_ll/8.jpg"",""time"":401},{""stimulus"":""img/green_ll/9.jpg"",""time"":451},{""stimulus"":""img/green_ll/10.jpg"",""time"":507},{""stimulus"":""img/green_ll/11.jpg"",""time"":551}]","[]",""
"image-keyboard-response","373","313364","0.0-5.0-1.184","63b6cc23f13731158517f900","bdp_lott","Tue Apr 11 2023 00:49:57 GMT-0600 (Mountain Daylight Time)","362375","green","red","","338","","","","choice","","img/green_ll/choose11.jpg","1","41","green","0.5","0.5","0.5","w","","",""
"animation","374","313965","0.0-5.0-2.184","63b6cc23f13731158517f900","bdp_lott","Tue Apr 11 2023 00:49:57 GMT-0600 (Mountain Daylight Time)","362375","green","red","","","","","","","","","","41","","","","","","[{""stimulus"":""img/green_wl/1.jpg"",""time"":51},{""stimulus"":""img/green_wl/2.jpg"",""time"":110},{""stimulus"":""img/green_wl/3.jpg"",""time"":151},{""stimulus"":""img/green_wl/4.jpg"",""time"":203},{""stimulus"":""img/green_wl/5.jpg"",""time"":251},{""stimulus"":""img/green_wl/6.jpg"",""time"":312},{""stimulus"":""img/green_wl/7.jpg"",""time"":351},{""stimulus"":""img/green_wl/8.jpg"",""time"":401},{""stimulus"":""img/green_wl/9.jpg"",""time"":451},{""stimulus"":""img/green_wl/10.jpg"",""time"":513},{""stimulus"":""img/green_wl/11.jpg"",""time"":560}]","[]",""
"image-keyboard-response","375","314573","0.0-5.0-1.185","63b6cc23f13731158517f900","bdp_lott","Tue Apr 11 2023 00:49:57 GMT-0600 (Mountain Daylight Time)","362375","green","red","","608","","","","choice","","img/green_wl/choose11.jpg","1","40","green","0.5","0.5","0.5","l","","",""
"animation","376","315179","0.0-5.0-2.185","63b6cc23f13731158517f900","bdp_lott","Tue Apr 11 2023 00:49:57 GMT-0600 (Mountain Daylight Time)","362375","green","red","","","","","","","","","","40","","","","","","[{""stimulus"":""img/green_ll/1.jpg"",""time"":64},{""stimulus"":""img/green_ll/2.jpg"",""time"":110},{""stimulus"":""img/green_ll/3.jpg"",""time"":157},{""stimulus"":""img/green_ll/4.jpg"",""time"":203},{""stimulus"":""img/green_ll/5.jpg"",""time"":265},{""stimulus"":""img/green_ll/6.jpg"",""time"":312},{""stimulus"":""img/green_ll/7.jpg"",""time"":358},{""stimulus"":""img/green_ll/8.jpg"",""time"":405},{""stimulus"":""img/green_ll/9.jpg"",""time"":451},{""stimulus"":""img/green_ll/10.jpg"",""time"":513},{""stimulus"":""img/green_ll/11.jpg"",""time"":560}]","[]",""
"image-keyboard-response","377","315548","0.0-5.0-1.186","63b6cc23f13731158517f900","bdp_lott","Tue Apr 11 2023 00:49:57 GMT-0600 (Mountain Daylight Time)","362375","green","red","","368","","","","choice","","img/green_ll/choose11.jpg","1","39","green","0.5","0.5","0.5","w","","",""
"animation","378","316155","0.0-5.0-2.186","63b6cc23f13731158517f900","bdp_lott","Tue Apr 11 2023 00:49:57 GMT-0600 (Mountain Daylight Time)","362375","green","red","","","","","","","","","","39","","","","","","[{""stimulus"":""img/green_wl/1.jpg"",""time"":50},{""stimulus"":""img/green_wl/2.jpg"",""time"":100},{""stimulus"":""img/green_wl/3.jpg"",""time"":150},{""stimulus"":""img/green_wl/4.jpg"",""time"":200},{""stimulus"":""img/green_wl/5.jpg"",""time"":250},{""stimulus"":""img/green_wl/6.jpg"",""time"":300},{""stimulus"":""img/green_wl/7.jpg"",""time"":350},{""stimulus"":""img/green_wl/8.jpg"",""time"":400},{""stimulus"":""img/green_wl/9.jpg"",""time"":450},{""stimulus"":""img/green_wl/10.jpg"",""time"":515},{""stimulus"":""img/green_wl/11.jpg"",""time"":561}]","[]",""
"image-keyboard-response","379","316916","0.0-5.0-1.187","63b6cc23f13731158517f900","bdp_lott","Tue Apr 11 2023 00:49:57 GMT-0600 (Mountain Daylight Time)","362375","green","red","","760","","","","choice","","img/green_wl/choose11.jpg","2","38","red","0.5","0.5","0.5","w","","",""
"animation","380","317517","0.0-5.0-2.187","63b6cc23f13731158517f900","bdp_lott","Tue Apr 11 2023 00:49:57 GMT-0600 (Mountain Daylight Time)","362375","green","red","","","","","","","","","","38","","","","","","[{""stimulus"":""img/red_ww/1.jpg"",""time"":61},{""stimulus"":""img/red_ww/2.jpg"",""time"":108},{""stimulus"":""img/red_ww/3.jpg"",""time"":154},{""stimulus"":""img/red_ww/4.jpg"",""time"":201},{""stimulus"":""img/red_ww/5.jpg"",""time"":251},{""stimulus"":""img/red_ww/6.jpg"",""time"":301},{""stimulus"":""img/red_ww/7.jpg"",""time"":356},{""stimulus"":""img/red_ww/8.jpg"",""time"":401},{""stimulus"":""img/red_ww/9.jpg"",""time"":451},{""stimulus"":""img/red_ww/10.jpg"",""time"":501},{""stimulus"":""img/red_ww/11.jpg"",""time"":551}]","[]",""
"image-keyboard-response","381","318764","0.0-5.0-1.188","63b6cc23f13731158517f900","bdp_lott","Tue Apr 11 2023 00:49:57 GMT-0600 (Mountain Daylight Time)","362375","green","red","","1247","","","","choice","","img/red_ww/choose11.jpg","1","37","green","0.5","0.5","0.5","l","","",""
"animation","382","319365","0.0-5.0-2.188","63b6cc23f13731158517f900","bdp_lott","Tue Apr 11 2023 00:49:57 GMT-0600 (Mountain Daylight Time)","362375","green","red","","","","","","","","","","37","","","","","","[{""stimulus"":""img/green_lw/1.jpg"",""time"":55},{""stimulus"":""img/green_lw/2.jpg"",""time"":102},{""stimulus"":""img/green_lw/3.jpg"",""time"":151},{""stimulus"":""img/green_lw/4.jpg"",""time"":200},{""stimulus"":""img/green_lw/5.jpg"",""time"":250},{""stimulus"":""img/green_lw/6.jpg"",""time"":304},{""stimulus"":""img/green_lw/7.jpg"",""time"":350},{""stimulus"":""img/green_lw/8.jpg"",""time"":400},{""stimulus"":""img/green_lw/9.jpg"",""time"":450},{""stimulus"":""img/green_lw/10.jpg"",""time"":505},{""stimulus"":""img/green_lw/11.jpg"",""time"":550}]","[]",""
"image-keyboard-response","383","319856","0.0-5.0-1.189","63b6cc23f13731158517f900","bdp_lott","Tue Apr 11 2023 00:49:57 GMT-0600 (Mountain Daylight Time)","362375","green","red","","491","","","","choice","","img/green_lw/choose11.jpg","1","36","green","0.5","0.5","0.5","w","","",""
"animation","384","320457","0.0-5.0-2.189","63b6cc23f13731158517f900","bdp_lott","Tue Apr 11 2023 00:49:57 GMT-0600 (Mountain Daylight Time)","362375","green","red","","","","","","","","","","36","","","","","","[{""stimulus"":""img/green_ww/1.jpg"",""time"":65},{""stimulus"":""img/green_ww/2.jpg"",""time"":100},{""stimulus"":""img/green_ww/3.jpg"",""time"":150},{""stimulus"":""img/green_ww/4.jpg"",""time"":204},{""stimulus"":""img/green_ww/5.jpg"",""time"":250},{""stimulus"":""img/green_ww/6.jpg"",""time"":300},{""stimulus"":""img/green_ww/7.jpg"",""time"":350},{""stimulus"":""img/green_ww/8.jpg"",""time"":405},{""stimulus"":""img/green_ww/9.jpg"",""time"":450},{""stimulus"":""img/green_ww/10.jpg"",""time"":515},{""stimulus"":""img/green_ww/11.jpg"",""time"":561}]","[]",""
"image-keyboard-response","385","320925","0.0-5.0-1.190","63b6cc23f13731158517f900","bdp_lott","Tue Apr 11 2023 00:49:57 GMT-0600 (Mountain Daylight Time)","362375","green","red","","467","","","","choice","","img/green_ww/choose11.jpg","2","35","red","0.5","0.5","0.5","l","","",""
"animation","386","321534","0.0-5.0-2.190","63b6cc23f13731158517f900","bdp_lott","Tue Apr 11 2023 00:49:57 GMT-0600 (Mountain Daylight Time)","362375","green","red","","","","","","","","","","35","","","","","","[{""stimulus"":""img/red_wl/1.jpg"",""time"":66},{""stimulus"":""img/red_wl/2.jpg"",""time"":112},{""stimulus"":""img/red_wl/3.jpg"",""time"":159},{""stimulus"":""img/red_wl/4.jpg"",""time"":205},{""stimulus"":""img/red_wl/5.jpg"",""time"":252},{""stimulus"":""img/red_wl/6.jpg"",""time"":314},{""stimulus"":""img/red_wl/7.jpg"",""time"":360},{""stimulus"":""img/red_wl/8.jpg"",""time"":407},{""stimulus"":""img/red_wl/9.jpg"",""time"":453},{""stimulus"":""img/red_wl/10.jpg"",""time"":515},{""stimulus"":""img/red_wl/11.jpg"",""time"":562}]","[]",""
"image-keyboard-response","387","321944","0.0-5.0-1.191","63b6cc23f13731158517f900","bdp_lott","Tue Apr 11 2023 00:49:57 GMT-0600 (Mountain Daylight Time)","362375","green","red","","410","","","","choice","","img/red_wl/choose11.jpg","2","34","red","0.5","0.5","0.5","l","","",""
"animation","388","322544","0.0-5.0-2.191","63b6cc23f13731158517f900","bdp_lott","Tue Apr 11 2023 00:49:57 GMT-0600 (Mountain Daylight Time)","362375","green","red","","","","","","","","","","34","","","","","","[{""stimulus"":""img/red_wl/1.jpg"",""time"":55},{""stimulus"":""img/red_wl/2.jpg"",""time"":102},{""stimulus"":""img/red_wl/3.jpg"",""time"":164},{""stimulus"":""img/red_wl/4.jpg"",""time"":210},{""stimulus"":""img/red_wl/5.jpg"",""time"":257},{""stimulus"":""img/red_wl/6.jpg"",""time"":303},{""stimulus"":""img/red_wl/7.jpg"",""time"":365},{""stimulus"":""img/red_wl/8.jpg"",""time"":412},{""stimulus"":""img/red_wl/9.jpg"",""time"":450},{""stimulus"":""img/red_wl/10.jpg"",""time"":505},{""stimulus"":""img/red_wl/11.jpg"",""time"":550}]","[]",""
"image-keyboard-response","389","323561","0.0-5.0-1.192","63b6cc23f13731158517f900","bdp_lott","Tue Apr 11 2023 00:49:57 GMT-0600 (Mountain Daylight Time)","362375","green","red","","1017","","","","choice","","img/red_wl/choose11.jpg","1","33","green","0.5","0.5","0.5","l","","",""
"animation","390","324161","0.0-5.0-2.192","63b6cc23f13731158517f900","bdp_lott","Tue Apr 11 2023 00:49:57 GMT-0600 (Mountain Daylight Time)","362375","green","red","","","","","","","","","","33","","","","","","[{""stimulus"":""img/green_ll/1.jpg"",""time"":65},{""stimulus"":""img/green_ll/2.jpg"",""time"":100},{""stimulus"":""img/green_ll/3.jpg"",""time"":150},{""stimulus"":""img/green_ll/4.jpg"",""time"":200},{""stimulus"":""img/green_ll/5.jpg"",""time"":250},{""stimulus"":""img/green_ll/6.jpg"",""time"":300},{""stimulus"":""img/green_ll/7.jpg"",""time"":350},{""stimulus"":""img/green_ll/8.jpg"",""time"":400},{""stimulus"":""img/green_ll/9.jpg"",""time"":450},{""stimulus"":""img/green_ll/10.jpg"",""time"":500},{""stimulus"":""img/green_ll/11.jpg"",""time"":550}]","[]",""
"image-keyboard-response","391","324671","0.0-5.0-1.193","63b6cc23f13731158517f900","bdp_lott","Tue Apr 11 2023 00:49:57 GMT-0600 (Mountain Daylight Time)","362375","green","red","","509","","","","choice","","img/green_ll/choose11.jpg","1","32","green","0.5","0.5","0.5","l","","",""
"animation","392","325286","0.0-5.0-2.193","63b6cc23f13731158517f900","bdp_lott","Tue Apr 11 2023 00:49:57 GMT-0600 (Mountain Daylight Time)","362375","green","red","","","","","","","","","","32","","","","","","[{""stimulus"":""img/green_ll/1.jpg"",""time"":57},{""stimulus"":""img/green_ll/2.jpg"",""time"":104},{""stimulus"":""img/green_ll/3.jpg"",""time"":166},{""stimulus"":""img/green_ll/4.jpg"",""time"":212},{""stimulus"":""img/green_ll/5.jpg"",""time"":258},{""stimulus"":""img/green_ll/6.jpg"",""time"":305},{""stimulus"":""img/green_ll/7.jpg"",""time"":352},{""stimulus"":""img/green_ll/8.jpg"",""time"":414},{""stimulus"":""img/green_ll/9.jpg"",""time"":460},{""stimulus"":""img/green_ll/10.jpg"",""time"":507},{""stimulus"":""img/green_ll/11.jpg"",""time"":553}]","[]",""
"image-keyboard-response","393","325822","0.0-5.0-1.194","63b6cc23f13731158517f900","bdp_lott","Tue Apr 11 2023 00:49:57 GMT-0600 (Mountain Daylight Time)","362375","green","red","","536","","","","choice","","img/green_ll/choose11.jpg","1","31","green","0.5","0.5","0.5","w","","",""
"animation","394","326432","0.0-5.0-2.194","63b6cc23f13731158517f900","bdp_lott","Tue Apr 11 2023 00:49:57 GMT-0600 (Mountain Daylight Time)","362375","green","red","","","","","","","","","","31","","","","","","[{""stimulus"":""img/green_wl/1.jpg"",""time"":52},{""stimulus"":""img/green_wl/2.jpg"",""time"":101},{""stimulus"":""img/green_wl/3.jpg"",""time"":160},{""stimulus"":""img/green_wl/4.jpg"",""time"":207},{""stimulus"":""img/green_wl/5.jpg"",""time"":254},{""stimulus"":""img/green_wl/6.jpg"",""time"":316},{""stimulus"":""img/green_wl/7.jpg"",""time"":362},{""stimulus"":""img/green_wl/8.jpg"",""time"":409},{""stimulus"":""img/green_wl/9.jpg"",""time"":455},{""stimulus"":""img/green_wl/10.jpg"",""time"":502},{""stimulus"":""img/green_wl/11.jpg"",""time"":564}]","[]",""
"image-keyboard-response","395","326709","0.0-5.0-1.195","63b6cc23f13731158517f900","bdp_lott","Tue Apr 11 2023 00:49:57 GMT-0600 (Mountain Daylight Time)","362375","green","red","","277","","","","choice","","img/green_wl/choose11.jpg","2","30","red","0.5","0.5","0.5","w","","",""
"animation","396","327315","0.0-5.0-2.195","63b6cc23f13731158517f900","bdp_lott","Tue Apr 11 2023 00:49:57 GMT-0600 (Mountain Daylight Time)","362375","green","red","","","","","","","","","","30","","","","","","[{""stimulus"":""img/red_ww/1.jpg"",""time"":51},{""stimulus"":""img/red_ww/2.jpg"",""time"":111},{""stimulus"":""img/red_ww/3.jpg"",""time"":157},{""stimulus"":""img/red_ww/4.jpg"",""time"":204},{""stimulus"":""img/red_ww/5.jpg"",""time"":266},{""stimulus"":""img/red_ww/6.jpg"",""time"":312},{""stimulus"":""img/red_ww/7.jpg"",""time"":358},{""stimulus"":""img/red_ww/8.jpg"",""time"":404},{""stimulus"":""img/red_ww/9.jpg"",""time"":451},{""stimulus"":""img/red_ww/10.jpg"",""time"":513},{""stimulus"":""img/red_ww/11.jpg"",""time"":559}]","[]",""
"image-keyboard-response","397","327908","0.0-5.0-1.196","63b6cc23f13731158517f900","bdp_lott","Tue Apr 11 2023 00:49:57 GMT-0600 (Mountain Daylight Time)","362375","green","red","","593","","","","choice","","img/red_ww/choose11.jpg","2","29","red","0.5","0.5","0.5","w","","",""
"animation","398","328508","0.0-5.0-2.196","63b6cc23f13731158517f900","bdp_lott","Tue Apr 11 2023 00:49:57 GMT-0600 (Mountain Daylight Time)","362375","green","red","","","","","","","","","","29","","","","","","[{""stimulus"":""img/red_ww/1.jpg"",""time"":50},{""stimulus"":""img/red_ww/2.jpg"",""time"":104},{""stimulus"":""img/red_ww/3.jpg"",""time"":150},{""stimulus"":""img/red_ww/4.jpg"",""time"":213},{""stimulus"":""img/red_ww/5.jpg"",""time"":250},{""stimulus"":""img/red_ww/6.jpg"",""time"":300},{""stimulus"":""img/red_ww/7.jpg"",""time"":350},{""stimulus"":""img/red_ww/8.jpg"",""time"":400},{""stimulus"":""img/red_ww/9.jpg"",""time"":450},{""stimulus"":""img/red_ww/10.jpg"",""time"":500},{""stimulus"":""img/red_ww/11.jpg"",""time"":550}]","[]",""
"image-keyboard-response","399","329280","0.0-5.0-1.197","63b6cc23f13731158517f900","bdp_lott","Tue Apr 11 2023 00:49:57 GMT-0600 (Mountain Daylight Time)","362375","green","red","","771","","","","choice","","img/red_ww/choose11.jpg","2","28","red","0.5","0.5","0.5","l","","",""
"animation","400","329881","0.0-5.0-2.197","63b6cc23f13731158517f900","bdp_lott","Tue Apr 11 2023 00:49:57 GMT-0600 (Mountain Daylight Time)","362375","green","red","","","","","","","","","","28","","","","","","[{""stimulus"":""img/red_wl/1.jpg"",""time"":51},{""stimulus"":""img/red_wl/2.jpg"",""time"":113},{""stimulus"":""img/red_wl/3.jpg"",""time"":159},{""stimulus"":""img/red_wl/4.jpg"",""time"":206},{""stimulus"":""img/red_wl/5.jpg"",""time"":251},{""stimulus"":""img/red_wl/6.jpg"",""time"":314},{""stimulus"":""img/red_wl/7.jpg"",""time"":361},{""stimulus"":""img/red_wl/8.jpg"",""time"":401},{""stimulus"":""img/red_wl/9.jpg"",""time"":451},{""stimulus"":""img/red_wl/10.jpg"",""time"":501},{""stimulus"":""img/red_wl/11.jpg"",""time"":551}]","[]",""
"image-keyboard-response","401","330388","0.0-5.0-1.198","63b6cc23f13731158517f900","bdp_lott","Tue Apr 11 2023 00:49:57 GMT-0600 (Mountain Daylight Time)","362375","green","red","","507","","","","choice","","img/red_wl/choose11.jpg","1","27","green","0.5","0.5","0.5","l","","",""
"animation","402","330988","0.0-5.0-2.198","63b6cc23f13731158517f900","bdp_lott","Tue Apr 11 2023 00:49:57 GMT-0600 (Mountain Daylight Time)","362375","green","red","","","","","","","","","","27","","","","","","[{""stimulus"":""img/green_ll/1.jpg"",""time"":59},{""stimulus"":""img/green_ll/2.jpg"",""time"":105},{""stimulus"":""img/green_ll/3.jpg"",""time"":152},{""stimulus"":""img/green_ll/4.jpg"",""time"":214},{""stimulus"":""img/green_ll/5.jpg"",""time"":250},{""stimulus"":""img/green_ll/6.jpg"",""time"":300},{""stimulus"":""img/green_ll/7.jpg"",""time"":350},{""stimulus"":""img/green_ll/8.jpg"",""time"":400},{""stimulus"":""img/green_ll/9.jpg"",""time"":450},{""stimulus"":""img/green_ll/10.jpg"",""time"":500},{""stimulus"":""img/green_ll/11.jpg"",""time"":551}]","[]",""
"image-keyboard-response","403","331513","0.0-5.0-1.199","63b6cc23f13731158517f900","bdp_lott","Tue Apr 11 2023 00:49:57 GMT-0600 (Mountain Daylight Time)","362375","green","red","","524","","","","choice","","img/green_ll/choose11.jpg","1","26","green","0.5","0.5","0.5","l","","",""
"animation","404","332120","0.0-5.0-2.199","63b6cc23f13731158517f900","bdp_lott","Tue Apr 11 2023 00:49:57 GMT-0600 (Mountain Daylight Time)","362375","green","red","","","","","","","","","","26","","","","","","[{""stimulus"":""img/green_ll/1.jpg"",""time"":65},{""stimulus"":""img/green_ll/2.jpg"",""time"":112},{""stimulus"":""img/green_ll/3.jpg"",""time"":159},{""stimulus"":""img/green_ll/4.jpg"",""time"":205},{""stimulus"":""img/green_ll/5.jpg"",""time"":251},{""stimulus"":""img/green_ll/6.jpg"",""time"":301},{""stimulus"":""img/green_ll/7.jpg"",""time"":351},{""stimulus"":""img/green_ll/8.jpg"",""time"":407},{""stimulus"":""img/green_ll/9.jpg"",""time"":454},{""stimulus"":""img/green_ll/10.jpg"",""time"":516},{""stimulus"":""img/green_ll/11.jpg"",""time"":562}]","[]",""
"image-keyboard-response","405","332625","0.0-5.0-1.200","63b6cc23f13731158517f900","bdp_lott","Tue Apr 11 2023 00:49:57 GMT-0600 (Mountain Daylight Time)","362375","green","red","","504","","","","choice","","img/green_ll/choose11.jpg","2","25","red","0.5","0.5","0.5","l","","",""
"animation","406","333226","0.0-5.0-2.200","63b6cc23f13731158517f900","bdp_lott","Tue Apr 11 2023 00:49:57 GMT-0600 (Mountain Daylight Time)","362375","green","red","","","","","","","","","","25","","","","","","[{""stimulus"":""img/red_ll/1.jpg"",""time"":51},{""stimulus"":""img/red_ll/2.jpg"",""time"":101},{""stimulus"":""img/red_ll/3.jpg"",""time"":151},{""stimulus"":""img/red_ll/4.jpg"",""time"":209},{""stimulus"":""img/red_ll/5.jpg"",""time"":251},{""stimulus"":""img/red_ll/6.jpg"",""time"":301},{""stimulus"":""img/red_ll/7.jpg"",""time"":352},{""stimulus"":""img/red_ll/8.jpg"",""time"":401},{""stimulus"":""img/red_ll/9.jpg"",""time"":451},{""stimulus"":""img/red_ll/10.jpg"",""time"":503},{""stimulus"":""img/red_ll/11.jpg"",""time"":551}]","[]",""
"image-keyboard-response","407","333649","0.0-5.0-1.201","63b6cc23f13731158517f900","bdp_lott","Tue Apr 11 2023 00:49:57 GMT-0600 (Mountain Daylight Time)","362375","green","red","","423","","","","choice","","img/red_ll/choose11.jpg","2","24","red","0.5","0.5","0.5","l","","",""
"animation","408","334250","0.0-5.0-2.201","63b6cc23f13731158517f900","bdp_lott","Tue Apr 11 2023 00:49:57 GMT-0600 (Mountain Daylight Time)","362375","green","red","","","","","","","","","","24","","","","","","[{""stimulus"":""img/red_ll/1.jpg"",""time"":51},{""stimulus"":""img/red_ll/2.jpg"",""time"":101},{""stimulus"":""img/red_ll/3.jpg"",""time"":151},{""stimulus"":""img/red_ll/4.jpg"",""time"":207},{""stimulus"":""img/red_ll/5.jpg"",""time"":251},{""stimulus"":""img/red_ll/6.jpg"",""time"":301},{""stimulus"":""img/red_ll/7.jpg"",""time"":351},{""stimulus"":""img/red_ll/8.jpg"",""time"":401},{""stimulus"":""img/red_ll/9.jpg"",""time"":451},{""stimulus"":""img/red_ll/10.jpg"",""time"":502},{""stimulus"":""img/red_ll/11.jpg"",""time"":551}]","[]",""
"image-keyboard-response","409","334965","0.0-5.0-1.202","63b6cc23f13731158517f900","bdp_lott","Tue Apr 11 2023 00:49:57 GMT-0600 (Mountain Daylight Time)","362375","green","red","","715","","","","choice","","img/red_ll/choose11.jpg","1","23","green","0.5","0.5","0.5","l","","",""
"animation","410","335566","0.0-5.0-2.202","63b6cc23f13731158517f900","bdp_lott","Tue Apr 11 2023 00:49:57 GMT-0600 (Mountain Daylight Time)","362375","green","red","","","","","","","","","","23","","","","","","[{""stimulus"":""img/green_ll/1.jpg"",""time"":53},{""stimulus"":""img/green_ll/2.jpg"",""time"":115},{""stimulus"":""img/green_ll/3.jpg"",""time"":150},{""stimulus"":""img/green_ll/4.jpg"",""time"":200},{""stimulus"":""img/green_ll/5.jpg"",""time"":250},{""stimulus"":""img/green_ll/6.jpg"",""time"":300},{""stimulus"":""img/green_ll/7.jpg"",""time"":350},{""stimulus"":""img/green_ll/8.jpg"",""time"":400},{""stimulus"":""img/green_ll/9.jpg"",""time"":450},{""stimulus"":""img/green_ll/10.jpg"",""time"":500},{""stimulus"":""img/green_ll/11.jpg"",""time"":551}]","[]",""
"image-keyboard-response","411","336098","0.0-5.0-1.203","63b6cc23f13731158517f900","bdp_lott","Tue Apr 11 2023 00:49:57 GMT-0600 (Mountain Daylight Time)","362375","green","red","","531","","","","choice","","img/green_ll/choose11.jpg","1","22","green","0.5","0.5","0.5","w","","",""
"animation","412","336699","0.0-5.0-2.203","63b6cc23f13731158517f900","bdp_lott","Tue Apr 11 2023 00:49:57 GMT-0600 (Mountain Daylight Time)","362375","green","red","","","","","","","","","","22","","","","","","[{""stimulus"":""img/green_wl/1.jpg"",""time"":53},{""stimulus"":""img/green_wl/2.jpg"",""time"":101},{""stimulus"":""img/green_wl/3.jpg"",""time"":161},{""stimulus"":""img/green_wl/4.jpg"",""time"":201},{""stimulus"":""img/green_wl/5.jpg"",""time"":254},{""stimulus"":""img/green_wl/6.jpg"",""time"":316},{""stimulus"":""img/green_wl/7.jpg"",""time"":363},{""stimulus"":""img/green_wl/8.jpg"",""time"":409},{""stimulus"":""img/green_wl/9.jpg"",""time"":451},{""stimulus"":""img/green_wl/10.jpg"",""time"":501},{""stimulus"":""img/green_wl/11.jpg"",""time"":551}]","[]",""
"image-keyboard-response","413","337629","0.0-5.0-1.204","63b6cc23f13731158517f900","bdp_lott","Tue Apr 11 2023 00:49:57 GMT-0600 (Mountain Daylight Time)","362375","green","red","","930","","","","choice","","img/green_wl/choose11.jpg","2","21","red","0.5","0.5","0.5","l","","",""
"animation","414","338229","0.0-5.0-2.204","63b6cc23f13731158517f900","bdp_lott","Tue Apr 11 2023 00:49:57 GMT-0600 (Mountain Daylight Time)","362375","green","red","","","","","","","","","","21","","","","","","[{""stimulus"":""img/red_wl/1.jpg"",""time"":56},{""stimulus"":""img/red_wl/2.jpg"",""time"":103},{""stimulus"":""img/red_wl/3.jpg"",""time"":165},{""stimulus"":""img/red_wl/4.jpg"",""time"":200},{""stimulus"":""img/red_wl/5.jpg"",""time"":250},{""stimulus"":""img/red_wl/6.jpg"",""time"":300},{""stimulus"":""img/red_wl/7.jpg"",""time"":350},{""stimulus"":""img/red_wl/8.jpg"",""time"":400},{""stimulus"":""img/red_wl/9.jpg"",""time"":450},{""stimulus"":""img/red_wl/10.jpg"",""time"":500},{""stimulus"":""img/red_wl/11.jpg"",""time"":550}]","[]",""
"image-keyboard-response","415","338685","0.0-5.0-1.205","63b6cc23f13731158517f900","bdp_lott","Tue Apr 11 2023 00:49:57 GMT-0600 (Mountain Daylight Time)","362375","green","red","","456","","","","choice","","img/red_wl/choose11.jpg","2","20","red","0.5","0.5","0.5","w","","",""
"animation","416","339285","0.0-5.0-2.205","63b6cc23f13731158517f900","bdp_lott","Tue Apr 11 2023 00:49:57 GMT-0600 (Mountain Daylight Time)","362375","green","red","","","","","","","","","","20","","","","","","[{""stimulus"":""img/red_ww/1.jpg"",""time"":50},{""stimulus"":""img/red_ww/2.jpg"",""time"":100},{""stimulus"":""img/red_ww/3.jpg"",""time"":150},{""stimulus"":""img/red_ww/4.jpg"",""time"":200},{""stimulus"":""img/red_ww/5.jpg"",""time"":250},{""stimulus"":""img/red_ww/6.jpg"",""time"":300},{""stimulus"":""img/red_ww/7.jpg"",""time"":350},{""stimulus"":""img/red_ww/8.jpg"",""time"":400},{""stimulus"":""img/red_ww/9.jpg"",""time"":450},{""stimulus"":""img/red_ww/10.jpg"",""time"":503},{""stimulus"":""img/red_ww/11.jpg"",""time"":550}]","[]",""
"image-keyboard-response","417","339966","0.0-5.0-1.206","63b6cc23f13731158517f900","bdp_lott","Tue Apr 11 2023 00:49:57 GMT-0600 (Mountain Daylight Time)","362375","green","red","","680","","","","choice","","img/red_ww/choose11.jpg","1","19","green","0.5","0.5","0.5","w","","",""
"animation","418","340568","0.0-5.0-2.206","63b6cc23f13731158517f900","bdp_lott","Tue Apr 11 2023 00:49:57 GMT-0600 (Mountain Daylight Time)","362375","green","red","","","","","","","","","","19","","","","","","[{""stimulus"":""img/green_ww/1.jpg"",""time"":59},{""stimulus"":""img/green_ww/2.jpg"",""time"":106},{""stimulus"":""img/green_ww/3.jpg"",""time"":150},{""stimulus"":""img/green_ww/4.jpg"",""time"":215},{""stimulus"":""img/green_ww/5.jpg"",""time"":251},{""stimulus"":""img/green_ww/6.jpg"",""time"":301},{""stimulus"":""img/green_ww/7.jpg"",""time"":354},{""stimulus"":""img/green_ww/8.jpg"",""time"":401},{""stimulus"":""img/green_ww/9.jpg"",""time"":463},{""stimulus"":""img/green_ww/10.jpg"",""time"":501},{""stimulus"":""img/green_ww/11.jpg"",""time"":551}]","[]",""
"image-keyboard-response","419","341199","0.0-5.0-1.207","63b6cc23f13731158517f900","bdp_lott","Tue Apr 11 2023 00:49:57 GMT-0600 (Mountain Daylight Time)","362375","green","red","","631","","","","choice","","img/green_ww/choose11.jpg","1","18","green","0.5","0.5","0.5","w","","",""
"animation","420","341800","0.0-5.0-2.207","63b6cc23f13731158517f900","bdp_lott","Tue Apr 11 2023 00:49:57 GMT-0600 (Mountain Daylight Time)","362375","green","red","","","","","","","","","","18","","","","","","[{""stimulus"":""img/green_ww/1.jpg"",""time"":65},{""stimulus"":""img/green_ww/2.jpg"",""time"":101},{""stimulus"":""img/green_ww/3.jpg"",""time"":159},{""stimulus"":""img/green_ww/4.jpg"",""time"":201},{""stimulus"":""img/green_ww/5.jpg"",""time"":252},{""stimulus"":""img/green_ww/6.jpg"",""time"":301},{""stimulus"":""img/green_ww/7.jpg"",""time"":351},{""stimulus"":""img/green_ww/8.jpg"",""time"":401},{""stimulus"":""img/green_ww/9.jpg"",""time"":451},{""stimulus"":""img/green_ww/10.jpg"",""time"":515},{""stimulus"":""img/green_ww/11.jpg"",""time"":551}]","[]",""
"image-keyboard-response","421","342755","0.0-5.0-1.208","63b6cc23f13731158517f900","bdp_lott","Tue Apr 11 2023 00:49:57 GMT-0600 (Mountain Daylight Time)","362375","green","red","","955","","","","choice","","img/green_ww/choose11.jpg","1","17","green","0.5","0.5","0.5","l","","",""
"animation","422","343357","0.0-5.0-2.208","63b6cc23f13731158517f900","bdp_lott","Tue Apr 11 2023 00:49:57 GMT-0600 (Mountain Daylight Time)","362375","green","red","","","","","","","","","","17","","","","","","[{""stimulus"":""img/green_lw/1.jpg"",""time"":60},{""stimulus"":""img/green_lw/2.jpg"",""time"":106},{""stimulus"":""img/green_lw/3.jpg"",""time"":153},{""stimulus"":""img/green_lw/4.jpg"",""time"":215},{""stimulus"":""img/green_lw/5.jpg"",""time"":261},{""stimulus"":""img/green_lw/6.jpg"",""time"":308},{""stimulus"":""img/green_lw/7.jpg"",""time"":354},{""stimulus"":""img/green_lw/8.jpg"",""time"":401},{""stimulus"":""img/green_lw/9.jpg"",""time"":463},{""stimulus"":""img/green_lw/10.jpg"",""time"":509},{""stimulus"":""img/green_lw/11.jpg"",""time"":556}]","[]",""
"image-keyboard-response","423","343835","0.0-5.0-1.209","63b6cc23f13731158517f900","bdp_lott","Tue Apr 11 2023 00:49:57 GMT-0600 (Mountain Daylight Time)","362375","green","red","","477","","","","choice","","img/green_lw/choose11.jpg","2","16","red","0.5","0.5","0.5","l","","",""
"animation","424","344442","0.0-5.0-2.209","63b6cc23f13731158517f900","bdp_lott","Tue Apr 11 2023 00:49:57 GMT-0600 (Mountain Daylight Time)","362375","green","red","","","","","","","","","","16","","","","","","[{""stimulus"":""img/red_ll/1.jpg"",""time"":50},{""stimulus"":""img/red_ll/2.jpg"",""time"":100},{""stimulus"":""img/red_ll/3.jpg"",""time"":151},{""stimulus"":""img/red_ll/4.jpg"",""time"":204},{""stimulus"":""img/red_ll/5.jpg"",""time"":250},{""stimulus"":""img/red_ll/6.jpg"",""time"":314},{""stimulus"":""img/red_ll/7.jpg"",""time"":360},{""stimulus"":""img/red_ll/8.jpg"",""time"":400},{""stimulus"":""img/red_ll/9.jpg"",""time"":453},{""stimulus"":""img/red_ll/10.jpg"",""time"":515},{""stimulus"":""img/red_ll/11.jpg"",""time"":562}]","[]",""
"image-keyboard-response","425","344838","0.0-5.0-1.210","63b6cc23f13731158517f900","bdp_lott","Tue Apr 11 2023 00:49:57 GMT-0600 (Mountain Daylight Time)","362375","green","red","","395","","","","choice","","img/red_ll/choose11.jpg","2","15","red","0.5","0.5","0.5","w","","",""
"animation","426","345439","0.0-5.0-2.210","63b6cc23f13731158517f900","bdp_lott","Tue Apr 11 2023 00:49:57 GMT-0600 (Mountain Daylight Time)","362375","green","red","","","","","","","","","","15","","","","","","[{""stimulus"":""img/red_lw/1.jpg"",""time"":51},{""stimulus"":""img/red_lw/2.jpg"",""time"":101},{""stimulus"":""img/red_lw/3.jpg"",""time"":151},{""stimulus"":""img/red_lw/4.jpg"",""time"":210},{""stimulus"":""img/red_lw/5.jpg"",""time"":251},{""stimulus"":""img/red_lw/6.jpg"",""time"":301},{""stimulus"":""img/red_lw/7.jpg"",""time"":351},{""stimulus"":""img/red_lw/8.jpg"",""time"":401},{""stimulus"":""img/red_lw/9.jpg"",""time"":451},{""stimulus"":""img/red_lw/10.jpg"",""time"":504},{""stimulus"":""img/red_lw/11.jpg"",""time"":551}]","[]",""
"image-keyboard-response","427","346151","0.0-5.0-1.211","63b6cc23f13731158517f900","bdp_lott","Tue Apr 11 2023 00:49:57 GMT-0600 (Mountain Daylight Time)","362375","green","red","","712","","","","choice","","img/red_lw/choose11.jpg","2","14","red","0.5","0.5","0.5","w","","",""
"animation","428","346752","0.0-5.0-2.211","63b6cc23f13731158517f900","bdp_lott","Tue Apr 11 2023 00:49:57 GMT-0600 (Mountain Daylight Time)","362375","green","red","","","","","","","","","","14","","","","","","[{""stimulus"":""img/red_lw/1.jpg"",""time"":58},{""stimulus"":""img/red_lw/2.jpg"",""time"":105},{""stimulus"":""img/red_lw/3.jpg"",""time"":151},{""stimulus"":""img/red_lw/4.jpg"",""time"":213},{""stimulus"":""img/red_lw/5.jpg"",""time"":260},{""stimulus"":""img/red_lw/6.jpg"",""time"":301},{""stimulus"":""img/red_lw/7.jpg"",""time"":353},{""stimulus"":""img/red_lw/8.jpg"",""time"":415},{""stimulus"":""img/red_lw/9.jpg"",""time"":461},{""stimulus"":""img/red_lw/10.jpg"",""time"":508},{""stimulus"":""img/red_lw/11.jpg"",""time"":551}]","[]",""
"image-keyboard-response","429","347313","0.0-5.0-1.212","63b6cc23f13731158517f900","bdp_lott","Tue Apr 11 2023 00:49:57 GMT-0600 (Mountain Daylight Time)","362375","green","red","","561","","","","choice","","img/red_lw/choose11.jpg","2","13","red","0.5","0.5","0.5","l","","",""
"animation","430","347914","0.0-5.0-2.212","63b6cc23f13731158517f900","bdp_lott","Tue Apr 11 2023 00:49:57 GMT-0600 (Mountain Daylight Time)","362375","green","red","","","","","","","","","","13","","","","","","[{""stimulus"":""img/red_ll/1.jpg"",""time"":59},{""stimulus"":""img/red_ll/2.jpg"",""time"":105},{""stimulus"":""img/red_ll/3.jpg"",""time"":152},{""stimulus"":""img/red_ll/4.jpg"",""time"":214},{""stimulus"":""img/red_ll/5.jpg"",""time"":260},{""stimulus"":""img/red_ll/6.jpg"",""time"":307},{""stimulus"":""img/red_ll/7.jpg"",""time"":353},{""stimulus"":""img/red_ll/8.jpg"",""time"":415},{""stimulus"":""img/red_ll/9.jpg"",""time"":462},{""stimulus"":""img/red_ll/10.jpg"",""time"":508},{""stimulus"":""img/red_ll/11.jpg"",""time"":555}]","[]",""
"image-keyboard-response","431","348452","0.0-5.0-1.213","63b6cc23f13731158517f900","bdp_lott","Tue Apr 11 2023 00:49:57 GMT-0600 (Mountain Daylight Time)","362375","green","red","","537","","","","choice","","img/red_ll/choose11.jpg","2","12","red","0.5","0.5","0.5","w","","",""
"animation","432","349061","0.0-5.0-2.213","63b6cc23f13731158517f900","bdp_lott","Tue Apr 11 2023 00:49:57 GMT-0600 (Mountain Daylight Time)","362375","green","red","","","","","","","","","","12","","","","","","[{""stimulus"":""img/red_lw/1.jpg"",""time"":67},{""stimulus"":""img/red_lw/2.jpg"",""time"":113},{""stimulus"":""img/red_lw/3.jpg"",""time"":160},{""stimulus"":""img/red_lw/4.jpg"",""time"":206},{""stimulus"":""img/red_lw/5.jpg"",""time"":253},{""stimulus"":""img/red_lw/6.jpg"",""time"":315},{""stimulus"":""img/red_lw/7.jpg"",""time"":361},{""stimulus"":""img/red_lw/8.jpg"",""time"":408},{""stimulus"":""img/red_lw/9.jpg"",""time"":454},{""stimulus"":""img/red_lw/10.jpg"",""time"":516},{""stimulus"":""img/red_lw/11.jpg"",""time"":563}]","[]",""
"image-keyboard-response","433","350116","0.0-5.0-1.214","63b6cc23f13731158517f900","bdp_lott","Tue Apr 11 2023 00:49:57 GMT-0600 (Mountain Daylight Time)","362375","green","red","","1055","","","","choice","","img/red_lw/choose11.jpg","2","11","red","0.5","0.5","0.5","w","","",""
"animation","434","350717","0.0-5.0-2.214","63b6cc23f13731158517f900","bdp_lott","Tue Apr 11 2023 00:49:57 GMT-0600 (Mountain Daylight Time)","362375","green","red","","","","","","","","","","11","","","","","","[{""stimulus"":""img/red_lw/1.jpg"",""time"":50},{""stimulus"":""img/red_lw/2.jpg"",""time"":105},{""stimulus"":""img/red_lw/3.jpg"",""time"":150},{""stimulus"":""img/red_lw/4.jpg"",""time"":200},{""stimulus"":""img/red_lw/5.jpg"",""time"":250},{""stimulus"":""img/red_lw/6.jpg"",""time"":300},{""stimulus"":""img/red_lw/7.jpg"",""time"":350},{""stimulus"":""img/red_lw/8.jpg"",""time"":400},{""stimulus"":""img/red_lw/9.jpg"",""time"":450},{""stimulus"":""img/red_lw/10.jpg"",""time"":500},{""stimulus"":""img/red_lw/11.jpg"",""time"":550}]","[]",""
"image-keyboard-response","435","350968","0.0-5.0-1.215","63b6cc23f13731158517f900","bdp_lott","Tue Apr 11 2023 00:49:57 GMT-0600 (Mountain Daylight Time)","362375","green","red","","251","","","","choice","","img/red_lw/choose11.jpg","2","10","red","0.5","0.5","0.5","w","","",""
"animation","436","351570","0.0-5.0-2.215","63b6cc23f13731158517f900","bdp_lott","Tue Apr 11 2023 00:49:57 GMT-0600 (Mountain Daylight Time)","362375","green","red","","","","","","","","","","10","","","","","","[{""stimulus"":""img/red_lw/1.jpg"",""time"":50},{""stimulus"":""img/red_lw/2.jpg"",""time"":100},{""stimulus"":""img/red_lw/3.jpg"",""time"":150},{""stimulus"":""img/red_lw/4.jpg"",""time"":200},{""stimulus"":""img/red_lw/5.jpg"",""time"":260},{""stimulus"":""img/red_lw/6.jpg"",""time"":307},{""stimulus"":""img/red_lw/7.jpg"",""time"":350},{""stimulus"":""img/red_lw/8.jpg"",""time"":400},{""stimulus"":""img/red_lw/9.jpg"",""time"":462},{""stimulus"":""img/red_lw/10.jpg"",""time"":508},{""stimulus"":""img/red_lw/11.jpg"",""time"":555}]","[]",""
"image-keyboard-response","437","352013","0.0-5.0-1.216","63b6cc23f13731158517f900","bdp_lott","Tue Apr 11 2023 00:49:57 GMT-0600 (Mountain Daylight Time)","362375","green","red","","443","","","","choice","","img/red_lw/choose11.jpg","2","9","red","0.5","0.5","0.5","w","","",""
"animation","438","352613","0.0-5.0-2.216","63b6cc23f13731158517f900","bdp_lott","Tue Apr 11 2023 00:49:57 GMT-0600 (Mountain Daylight Time)","362375","green","red","","","","","","","","","","9","","","","","","[{""stimulus"":""img/red_lw/1.jpg"",""time"":53},{""stimulus"":""img/red_lw/2.jpg"",""time"":100},{""stimulus"":""img/red_lw/3.jpg"",""time"":162},{""stimulus"":""img/red_lw/4.jpg"",""time"":208},{""stimulus"":""img/red_lw/5.jpg"",""time"":255},{""stimulus"":""img/red_lw/6.jpg"",""time"":301},{""stimulus"":""img/red_lw/7.jpg"",""time"":363},{""stimulus"":""img/red_lw/8.jpg"",""time"":411},{""stimulus"":""img/red_lw/9.jpg"",""time"":451},{""stimulus"":""img/red_lw/10.jpg"",""time"":504},{""stimulus"":""img/red_lw/11.jpg"",""time"":565}]","[]",""
"image-keyboard-response","439","353170","0.0-5.0-1.217","63b6cc23f13731158517f900","bdp_lott","Tue Apr 11 2023 00:49:57 GMT-0600 (Mountain Daylight Time)","362375","green","red","","556","","","","choice","","img/red_lw/choose11.jpg","2","8","red","0.5","0.5","0.5","w","","",""
"animation","440","353771","0.0-5.0-2.217","63b6cc23f13731158517f900","bdp_lott","Tue Apr 11 2023 00:49:57 GMT-0600 (Mountain Daylight Time)","362375","green","red","","","","","","","","","","8","","","","","","[{""stimulus"":""img/red_lw/1.jpg"",""time"":60},{""stimulus"":""img/red_lw/2.jpg"",""time"":106},{""stimulus"":""img/red_lw/3.jpg"",""time"":153},{""stimulus"":""img/red_lw/4.jpg"",""time"":201},{""stimulus"":""img/red_lw/5.jpg"",""time"":261},{""stimulus"":""img/red_lw/6.jpg"",""time"":301},{""stimulus"":""img/red_lw/7.jpg"",""time"":351},{""stimulus"":""img/red_lw/8.jpg"",""time"":401},{""stimulus"":""img/red_lw/9.jpg"",""time"":451},{""stimulus"":""img/red_lw/10.jpg"",""time"":509},{""stimulus"":""img/red_lw/11.jpg"",""time"":551}]","[]",""
"image-keyboard-response","441","354291","0.0-5.0-1.218","63b6cc23f13731158517f900","bdp_lott","Tue Apr 11 2023 00:49:57 GMT-0600 (Mountain Daylight Time)","362375","green","red","","520","","","","choice","","img/red_lw/choose11.jpg","2","7","red","0.5","0.5","0.5","w","","",""
"animation","442","354903","0.0-5.0-2.218","63b6cc23f13731158517f900","bdp_lott","Tue Apr 11 2023 00:49:57 GMT-0600 (Mountain Daylight Time)","362375","green","red","","","","","","","","","","7","","","","","","[{""stimulus"":""img/red_lw/1.jpg"",""time"":54},{""stimulus"":""img/red_lw/2.jpg"",""time"":101},{""stimulus"":""img/red_lw/3.jpg"",""time"":162},{""stimulus"":""img/red_lw/4.jpg"",""time"":209},{""stimulus"":""img/red_lw/5.jpg"",""time"":255},{""stimulus"":""img/red_lw/6.jpg"",""time"":302},{""stimulus"":""img/red_lw/7.jpg"",""time"":364},{""stimulus"":""img/red_lw/8.jpg"",""time"":410},{""stimulus"":""img/red_lw/9.jpg"",""time"":457},{""stimulus"":""img/red_lw/10.jpg"",""time"":503},{""stimulus"":""img/red_lw/11.jpg"",""time"":565}]","[]",""
"image-keyboard-response","443","355441","0.0-5.0-1.219","63b6cc23f13731158517f900","bdp_lott","Tue Apr 11 2023 00:49:57 GMT-0600 (Mountain Daylight Time)","362375","green","red","","538","","","","choice","","img/red_lw/choose11.jpg","2","6","red","0.5","0.5","0.5","l","","",""
"animation","444","356049","0.0-5.0-2.219","63b6cc23f13731158517f900","bdp_lott","Tue Apr 11 2023 00:49:57 GMT-0600 (Mountain Daylight Time)","362375","green","red","","","","","","","","","","6","","","","","","[{""stimulus"":""img/red_ll/1.jpg"",""time"":65},{""stimulus"":""img/red_ll/2.jpg"",""time"":112},{""stimulus"":""img/red_ll/3.jpg"",""time"":158},{""stimulus"":""img/red_ll/4.jpg"",""time"":205},{""stimulus"":""img/red_ll/5.jpg"",""time"":251},{""stimulus"":""img/red_ll/6.jpg"",""time"":313},{""stimulus"":""img/red_ll/7.jpg"",""time"":360},{""stimulus"":""img/red_ll/8.jpg"",""time"":406},{""stimulus"":""img/red_ll/9.jpg"",""time"":453},{""stimulus"":""img/red_ll/10.jpg"",""time"":515},{""stimulus"":""img/red_ll/11.jpg"",""time"":561}]","[]",""
"image-keyboard-response","445","356598","0.0-5.0-1.220","63b6cc23f13731158517f900","bdp_lott","Tue Apr 11 2023 00:49:57 GMT-0600 (Mountain Daylight Time)","362375","green","red","","548","","","","choice","","img/red_ll/choose11.jpg","2","5","red","0.5","0.5","0.5","l","","",""
"animation","446","357198","0.0-5.0-2.220","63b6cc23f13731158517f900","bdp_lott","Tue Apr 11 2023 00:49:57 GMT-0600 (Mountain Daylight Time)","362375","green","red","","","","","","","","","","5","","","","","","[{""stimulus"":""img/red_ll/1.jpg"",""time"":50},{""stimulus"":""img/red_ll/2.jpg"",""time"":100},{""stimulus"":""img/red_ll/3.jpg"",""time"":151},{""stimulus"":""img/red_ll/4.jpg"",""time"":200},{""stimulus"":""img/red_ll/5.jpg"",""time"":258},{""stimulus"":""img/red_ll/6.jpg"",""time"":300},{""stimulus"":""img/red_ll/7.jpg"",""time"":350},{""stimulus"":""img/red_ll/8.jpg"",""time"":400},{""stimulus"":""img/red_ll/9.jpg"",""time"":450},{""stimulus"":""img/red_ll/10.jpg"",""time"":500},{""stimulus"":""img/red_ll/11.jpg"",""time"":551}]","[]",""
"image-keyboard-response","447","357659","0.0-5.0-1.221","63b6cc23f13731158517f900","bdp_lott","Tue Apr 11 2023 00:49:57 GMT-0600 (Mountain Daylight Time)","362375","green","red","","460","","","","choice","","img/red_ll/choose11.jpg","1","4","green","0.5","0.5","0.5","l","","",""
"animation","448","358266","0.0-5.0-2.221","63b6cc23f13731158517f900","bdp_lott","Tue Apr 11 2023 00:49:57 GMT-0600 (Mountain Daylight Time)","362375","green","red","","","","","","","","","","4","","","","","","[{""stimulus"":""img/green_ll/1.jpg"",""time"":65},{""stimulus"":""img/green_ll/2.jpg"",""time"":111},{""stimulus"":""img/green_ll/3.jpg"",""time"":158},{""stimulus"":""img/green_ll/4.jpg"",""time"":204},{""stimulus"":""img/green_ll/5.jpg"",""time"":251},{""stimulus"":""img/green_ll/6.jpg"",""time"":313},{""stimulus"":""img/green_ll/7.jpg"",""time"":359},{""stimulus"":""img/green_ll/8.jpg"",""time"":406},{""stimulus"":""img/green_ll/9.jpg"",""time"":452},{""stimulus"":""img/green_ll/10.jpg"",""time"":514},{""stimulus"":""img/green_ll/11.jpg"",""time"":561}]","[]",""
"image-keyboard-response","449","358743","0.0-5.0-1.222","63b6cc23f13731158517f900","bdp_lott","Tue Apr 11 2023 00:49:57 GMT-0600 (Mountain Daylight Time)","362375","green","red","","477","","","","choice","","img/green_ll/choose11.jpg","1","3","green","0.5","0.5","0.5","l","","",""
"animation","450","359351","0.0-5.0-2.222","63b6cc23f13731158517f900","bdp_lott","Tue Apr 11 2023 00:49:57 GMT-0600 (Mountain Daylight Time)","362375","green","red","","","","","","","","","","3","","","","","","[{""stimulus"":""img/green_ll/1.jpg"",""time"":66},{""stimulus"":""img/green_ll/2.jpg"",""time"":112},{""stimulus"":""img/green_ll/3.jpg"",""time"":152},{""stimulus"":""img/green_ll/4.jpg"",""time"":205},{""stimulus"":""img/green_ll/5.jpg"",""time"":252},{""stimulus"":""img/green_ll/6.jpg"",""time"":314},{""stimulus"":""img/green_ll/7.jpg"",""time"":360},{""stimulus"":""img/green_ll/8.jpg"",""time"":407},{""stimulus"":""img/green_ll/9.jpg"",""time"":453},{""stimulus"":""img/green_ll/10.jpg"",""time"":515},{""stimulus"":""img/green_ll/11.jpg"",""time"":562}]","[]",""
"image-keyboard-response","451","359697","0.0-5.0-1.223","63b6cc23f13731158517f900","bdp_lott","Tue Apr 11 2023 00:49:57 GMT-0600 (Mountain Daylight Time)","362375","green","red","","346","","","","choice","","img/green_ll/choose11.jpg","1","2","green","0.5","0.5","0.5","l","","",""
"animation","452","360298","0.0-5.0-2.223","63b6cc23f13731158517f900","bdp_lott","Tue Apr 11 2023 00:49:57 GMT-0600 (Mountain Daylight Time)","362375","green","red","","","","","","","","","","2","","","","","","[{""stimulus"":""img/green_ll/1.jpg"",""time"":51},{""stimulus"":""img/green_ll/2.jpg"",""time"":104},{""stimulus"":""img/green_ll/3.jpg"",""time"":166},{""stimulus"":""img/green_ll/4.jpg"",""time"":201},{""stimulus"":""img/green_ll/5.jpg"",""time"":251},{""stimulus"":""img/green_ll/6.jpg"",""time"":301},{""stimulus"":""img/green_ll/7.jpg"",""time"":351},{""stimulus"":""img/green_ll/8.jpg"",""time"":401},{""stimulus"":""img/green_ll/9.jpg"",""time"":451},{""stimulus"":""img/green_ll/10.jpg"",""time"":507},{""stimulus"":""img/green_ll/11.jpg"",""time"":551}]","[]",""
"image-keyboard-response","453","360759","0.0-5.0-1.224","63b6cc23f13731158517f900","bdp_lott","Tue Apr 11 2023 00:49:57 GMT-0600 (Mountain Daylight Time)","362375","green","red","","461","","","","choice","","img/green_ll/choose11.jpg","2","1","red","0.5","0.5","0.5","l","","",""
"animation","454","361366","0.0-5.0-2.224","63b6cc23f13731158517f900","bdp_lott","Tue Apr 11 2023 00:49:57 GMT-0600 (Mountain Daylight Time)","362375","green","red","","","","","","","","","","1","","","","","","[{""stimulus"":""img/red_ll/1.jpg"",""time"":66},{""stimulus"":""img/red_ll/2.jpg"",""time"":112},{""stimulus"":""img/red_ll/3.jpg"",""time"":158},{""stimulus"":""img/red_ll/4.jpg"",""time"":201},{""stimulus"":""img/red_ll/5.jpg"",""time"":251},{""stimulus"":""img/red_ll/6.jpg"",""time"":313},{""stimulus"":""img/red_ll/7.jpg"",""time"":359},{""stimulus"":""img/red_ll/8.jpg"",""time"":407},{""stimulus"":""img/red_ll/9.jpg"",""time"":453},{""stimulus"":""img/red_ll/10.jpg"",""time"":515},{""stimulus"":""img/red_ll/11.jpg"",""time"":551}]","[]",""
"fullscreen","455","362375","0.0-6.0","63b6cc23f13731158517f900","bdp_lott","Tue Apr 11 2023 00:49:57 GMT-0600 (Mountain Daylight Time)","362375","green","red","","","","","","","true","","","","","","","","","","",""
"html-keyboard-response","456","362886","0.0-7.0","","","","","","","","null","","","","","","","null","","","","","","","","",""
