P1,P2,P3,P4,P5
0.5,1e-12,1e-12,1e-12,0.5
0.0015011822567370103,0.009485760373856178,0.17143858117576316,0.7417162961724001,0.07585818002124355
1e-12,1e-12,6.475947983419772e-07,0.999999352356728,4.847368706035286e-11
1e-12,5.789368984210341e-12,0.00017952796355735767,0.9998199005302062,5.715004470337245e-07
1.1513456854572723e-11,2.6717932755104812e-08,0.002981006000408626,0.9969569167741221,6.205049602300743e-05
5.101404187968228e-09,1.8111209996174438e-06,0.012051963293832735,0.9873000171930437,0.000646203290719727
1.0738180233893502e-07,1.4863701890188707e-05,0.024038581810733595,0.9738634763225281,0.0020829707830458
1e-12,1e-12,2.1522911708427017e-07,0.9999997847631531,7.72980484563861e-12
1e-12,1.1093348462054564e-12,0.00010350560711702705,0.9998962661747901,2.2821698357294746e-07
3.4909852786313422e-12,1.1696568713581712e-08,0.0022650387544772554,0.9976957373828257,3.921216263733581e-05
2.809021459881933e-09,1.1988143101548943e-06,0.010518340717445396,0.9889666985588143,0.0005137591004086899
7.96825737614526e-08,1.2097700827884417e-05,0.02247705537564182,0.9756531866616006,0.0018575805793559
4.243921842839171e-07,3.834041516803666e-05,0.032697543909031346,0.9637350606922758,0.003528630591340563
9.794205748647755e-07,6.818329330682271e-05,0.03936109280526168,0.9557088268393329,0.004860917641523697
1e-12,1e-12,2.7776320699057777e-07,0.9999997222249682,1.1824734470477495e-11
1e-12,1.6262546864709293e-12,0.00011758302304476498,0.9998821347088075,2.8226652150482537e-07
4.601874437071274e-12,1.4162087502711529e-08,0.002413815081603543,0.9975425619048653,4.3608846841780686e-05
3.225206102186462e-09,1.319009173550434e-06,0.010855321293248621,0.9886015736774391,0.0005417827949326162
8.538165463534142e-08,1.2688526624504703e-05,0.022829591599981436,0.9752501330716186,0.001907501420120831
4.3930685378335e-07,3.926359579931038e-05,0.0329499408607854,0.9634347048840344,0.003575651352527164
1e-12,1e-12,2.532197842519679e-07,0.9999997467700806,1.0135135852383432e-11
1e-12,1e-12,6.898797089149866e-10,0.9999999993101197,1e-12
0.5,1e-12,1e-12,1e-12,0.5
1e-12,1.6918200174131925e-10,0.0005527784677338277,0.9994434947237922,3.726639284186561e-06
1.317650433207973e-10,1.4436623874125587e-07,0.005219981195554557,0.9946214380873392,0.00015843621910252592
1.725782772243889e-08,4.205575616977875e-06,0.015902168878370038,0.9830613772514304,0.0010322310367548194
1.9750534352436233e-07,2.2630491849251477e-05,0.027562454229597355,0.9697830437983253,0.0026316739748845795
6.681516501183538e-07,5.2406926576487045e-05,0.03616698078674807,0.9595811488635535,0.004198795271471868
1.228918272366819e-06,7.969865739299031e-05,0.04138134513574421,0.9532358324191883,0.005301894869402149
1.6666596125425315e-06,9.826365834308959e-05,0.04424865107744269,0.9496942648408521,0.005957153763749635
1.9409253948499128e-06,0.00010910354522875032,0.045751619685918454,0.9478229711725615,0.006314364670896371
2.0945455077026054e-06,0.00011496223485629731,0.0465209832428235,0.9468610880573095,0.006500871919502981
2.1758566403073942e-06,0.00011800805653494617,0.04691020444519667,0.9463734439805955,0.006596167661032527
2.2176883541780157e-06,0.00011956097693854861,0.04710595865091538,0.9461279280701704,0.006644334613621426
2.2389048379700682e-06,0.00012034505352531699,0.04720412275129382,0.9460047443469425,0.0066685489434004245
2.249589075020708e-06,0.00012073901033637924,0.04725327668808266,0.9459430457545848,0.0066806889579212065
2.2549502980417913e-06,0.00012093647018474041,0.047277871645290515,0.9459121697395494,0.006686767194677315
2.2576356989434387e-06,0.00012103532069718259,0.0472901736232435,0.9458967250477917,0.006689808372568755
2.2589795984906402e-06,0.0001210847761288214,0.04729632573732567,0.9458890010302865,0.006691329476660471
1e-12,1e-12,3.0588122290620134e-07,0.9999996941048908,1.3886354606666398e-11
1e-12,1e-12,7.582299232922196e-10,0.9999999992417694,1e-12
1e-12,1e-12,3.775069146172427e-11,0.9999999999622493,1e-12
1e-12,1e-12,8.423484132435988e-12,0.9999999999915765,1e-12
1e-12,1e-12,3.979039320256561e-12,0.999999999996021,1e-12
0.5,1e-12,1e-12,1e-12,0.5
0.0015011822567370103,0.009485760373856178,0.17143858117576316,0.7417162961724001,0.07585818002124355
1e-12,1e-12,6.475947983419772e-07,0.999999352356728,4.847368706035286e-11
1e-12,5.789368984210341e-12,0.00017952796355735767,0.9998199005302062,5.715004470337245e-07
1e-12,1e-12,1.8370861831762397e-08,0.9999999816290103,1e-12
1e-12,1e-12,3.0241958506094235e-05,0.9999697286849127,2.935655345115616e-08
1e-12,1.8473633733862016e-09,0.0012255656007769122,0.9987603685072749,1.4064044342149064e-05
7.406910640384012e-10,4.7676585057665477e-07,0.007755059274305864,0.9919367201426924,0.0003077430764601415
4.091705807507395e-08,7.635547763396033e-06,0.019337427449767963,0.979216760764318,0.0014381353210925951
3.041150725691111e-07,3.047412361822932e-05,0.030355971688069694,0.9665077939136766,0.0031054561595628754
8.290954773837456e-07,6.079869979791486e-05,0.037937749969445655,0.9574400773190731,0.004560544916205995
1.3689504416714016e-06,8.583550123597572e-05,0.04237614513707155,0.9520113173341216,0.005525333077129158
1.7590543738288389e-06,0.00010197420959390247,0.04477555507067854,0.9490394033436531,0.006081308321700603
1.993999364846566e-06,0.00011114367357156762,0.046022725167345624,0.9474843338713428,0.006379803288375193
2.1229896967067674e-06,0.00011603190138509412,0.04665848452066634,0.9466888955406737,0.0065344650475781885
2.1905810201339193e-06,0.00011855573782437734,0.04697944664167586,0.9462866200481143,0.006613186991365391
2.2251794330463426e-06,0.0001198380870714999,0.047140703193089606,0.9460843330230657,0.006652900517340136
2.2426830227351147e-06,0.0001204844332484134,0.04722152595278217,0.945982900907168,0.006672846023778695
2.251486382109924e-06,0.00012080890727883542,0.04726198603011078,0.9459321125373461,0.00668284103888214
2.255901011882777e-06,0.0001209714705414644,0.047282228252711,0.9459067002543027,0.006687844121432992
1e-12,1e-12,3.0583309462706154e-07,0.9999996941530227,1.388271324275252e-11
1e-12,1e-12,7.581704153380997e-10,0.9999999992418289,1e-12
0.5,1e-12,1e-12,1e-12,0.5
1e-12,1e-12,1.3709572069808829e-06,0.9999986288736032,1.6918979223288784e-10
1e-12,1.783218017692434e-11,0.0002611903012632588,0.9997377419780343,1.067702870044147e-06
2.5946134130094833e-11,4.688569177346835e-08,0.0035935556697822557,0.9963215863768563,8.481104172358075e-05
7.658114697939311e-09,2.398444224893659e-06,0.013220415649965567,0.9860217726149653,0.0007554056327295276
1.315669313495249e-07,1.7100005820669395e-05,0.025161610127849898,0.9725693110198951,0.00225184727950302
1.2325696019388488e-12,5.689795079533155e-09,0.0017821906313386648,0.9981915289044889,2.6274773144808218e-05
1e-12,1e-12,1.1635165109158407e-06,0.9999988363547763,1.2871280644126856e-10
1e-12,1e-12,1.4788053004366475e-09,0.9999999985211928,1e-12
1e-12,1e-12,1.0589207288802527e-09,0.9999999989410782,1e-12
1e-12,1e-12,7.26083970892244e-06,0.9999927364376938,2.722596843494475e-09
1e-12,1e-12,3.6941922854083487e-09,0.9999999963057988,1e-12
1e-12,1e-12,1.3561637610126631e-05,0.9999864306498603,7.712527133605131e-09
1e-12,1e-12,1.0140676021119788e-07,0.9999998985910346,2.2051844473425662e-12
1e-12,1e-12,1.7612653280263402e-07,0.9999998238679332,5.534029076207844e-12
1e-12,1e-12,9.363323707745064e-05,0.9999061736611429,1.9310095858487885e-07
1e-12,1e-12,1.3266606258000024e-08,0.9999999867333194,1e-12
1e-12,1e-12,6.370467164895643e-08,0.9999999362943122,1.0161368077300284e-12
1e-12,1e-12,3.460272068878112e-10,0.9999999996539726,1e-12
1e-12,1e-12,4.150606379038635e-06,0.9999958483216355,1.071985520150164e-09
1e-12,1e-12,2.79306577866123e-09,0.9999999972069287,1e-12
1e-12,1e-12,7.245448685466727e-11,0.9999999999275455,1e-12
0.5,1e-12,1e-12,1e-12,0.5
1e-12,1e-12,1.3709572069808829e-06,0.9999986288736032,1.6918979223288784e-10
1e-12,1e-12,1.6052279505629485e-09,0.9999999983947698,1e-12
1e-12,1e-12,8.939696304222089e-06,0.9999910564529532,3.850741907939403e-09
1e-12,1e-12,4.099093509069007e-09,0.9999999959008959,1e-12
1e-12,1e-12,8.77744543714698e-11,0.9999999999122255,1e-12
1e-12,1e-12,1.2844170171888436e-11,0.9999999999871558,1e-12
1e-12,1e-12,4.913403017781093e-12,0.9999999999950866,1e-12
1e-12,1e-12,3.0389024630039785e-12,0.9999999999969611,1e-12
1e-12,1e-12,2.389866082808112e-12,0.9999999999976101,1e-12
1e-12,1e-12,2.119415754009424e-12,0.9999999999978806,1e-12
1e-12,1e-12,1.9959589536711064e-12,0.999999999998004,1e-12
1e-12,1e-12,1.936895088761048e-12,0.9999999999980631,1e-12
1e-12,1e-12,1.908029290120794e-12,0.999999999998092,1e-12
1e-12,1e-12,1.893596390800667e-12,0.9999999999981064,1e-12
1e-12,1e-12,1.886490963443066e-12,0.9999999999981135,1e-12
1e-12,1e-12,1.8831602943691905e-12,0.9999999999981168,1e-12
1e-12,1e-12,1.8813839375297903e-12,0.9999999999981186,1e-12
1e-12,1e-12,1.88049575911009e-12,0.9999999999981195,1e-12
1e-12,1e-12,3.059740011357448e-07,0.9999996940121055,1.3893375202448282e-11
1e-12,1.880273714505165e-12,0.0001234090475916716,0.9998762849884905,3.0596203762864504e-07
5.1103565823495956e-12,1.5227549221563663e-08,0.002472752591360261,0.9974818298695473,4.540230643293964e-05
0.5,1e-12,1e-12,1e-12,0.5
0.0015011822567370103,0.009485760373856178,0.17143858117576316,0.7417162961724001,0.07585818002124355
1e-12,1e-12,6.475947983419772e-07,0.999999352356728,4.847368706035286e-11
1e-12,1e-12,1.1032559310564238e-09,0.9999999988967428,1e-12
1e-12,1e-12,7.411279871472054e-06,0.9999925859028651,2.81726296579986e-09
1e-12,1e-12,3.7322669399486585e-09,0.9999999962677241,1e-12
1e-12,1e-12,8.375500293311688e-11,0.999999999916245,1e-12
1e-12,1e-12,1.2546630401288894e-11,0.9999999999874534,1e-12
1e-12,1e-12,4.856115509710435e-12,0.9999999999951439,1e-12
1e-12,1e-12,3.021138894609976e-12,0.9999999999969789,1e-12
1e-12,1e-12,2.382982700055436e-12,0.999999999997617,1e-12
1e-12,1e-12,2.1163071295404734e-12,0.9999999999978837,1e-12
1e-12,1e-12,1.9944046414366312e-12,0.9999999999980056,1e-12
1e-12,1e-12,1.936006910341348e-12,0.999999999998064,1e-12
1e-12,1e-12,1.907585200910944e-12,0.9999999999980924,1e-12
1e-12,1e-12,1.893596390800667e-12,0.9999999999981064,1e-12
1e-12,1e-12,1.886490963443066e-12,0.9999999999981135,1e-12
1e-12,1e-12,3.0646987814186843e-07,0.9999996935161909,1.3930922654963987e-11
1e-12,1.8847146066036657e-12,0.00012350899624624656,0.9998761846266726,3.0637519642181485e-07
5.119460411151522e-12,1.524605153235825e-08,0.0024737513609497386,0.9974808004384494,4.543294942986049e-05
1e-12,1e-12,6.827184884095061e-08,0.9999999317270107,1.1404322463711408e-12
1e-12,1e-12,5.829801975287818e-05,0.9999416143206474,8.765940157750168e-08
