P1,P2,P3,P4,P5
0.5,1e-12,1e-12,1e-12,0.5
0.0015011822567370103,0.009485760373856178,0.17143858117576316,0.7417162961724001,0.07585818002124355
5.829126566114784e-05,0.00111121899939437,0.09417995463405393,0.8816731651908649,0.022977369910025615
1.1478768127015648e-05,0.0003685057466249475,0.06716670662487711,0.920021658007185,0.01243165085318582
5.09370500334505e-06,0.00021145034489178371,0.056435881258078746,0.9342219373028456,0.00912563738918052
1e-12,2.490008199629301e-12,0.0001355207831341687,0.999864121578458,3.576359177212449e-07
6.259881502046483e-12,1.752333911309023e-08,0.0025909618348303187,0.9973599340166718,4.908661889889002e-05
3.761539524305135e-09,1.4670606943711917e-06,0.011243089898430147,0.9881806531017711,0.0005747861775648728
1e-12,1e-12,5.897834392465384e-05,0.9999409322848029,8.937106727918165e-08
1.0318412790866205e-12,5.0311013133352844e-09,0.0017106947041658493,0.998264761559264,2.4538704436949e-05
1.52723833579671e-09,7.865169078247192e-07,0.00915137876769434,0.9904413726580765,0.00040646053008294285
5.875424669010698e-08,9.80281419959983e-06,0.02098446589567493,0.9773531667194351,0.0016525058164436758
3.6442264272906755e-07,3.452026342520842e-05,0.03160631631817068,0.9650303149914333,0.003328484004328099
9.075869221719657e-07,6.470260696045393e-05,0.0387042285755822,0.9565089248330859,0.004721236397449238
1.4322853747472664e-06,8.854557484083703e-05,0.04279977519395162,0.9514885048283924,0.005621742117440332
1.7992858969417824e-06,0.00010357058240495487,0.0449981424735828,0.9487623822758152,0.006134105382300064
2.016672937754649e-06,0.00011200998828231334,0.046136798551475344,0.947341745040435,0.006407429746869632
2.1350257315422283e-06,0.00011648316053902708,0.046716227082164385,0.9466165589784441,0.006548595753120962
2.196781861418806e-06,0.00011878603298909329,0.04700849576561916,0.9462501883607555,0.006620333058774893
2.2283265964651022e-06,0.00011995441898482451,0.04715527238827222,0.9460660509660941,0.006656493900052403
2.244268422102458e-06,0.00012054289755603076,0.04722882173025411,0.9459737432799518,0.006674647823816033
2.252282052861432e-06,0.00012083821430552977,0.04726563671651596,0.9459275295683673,0.0066837432187583055
0.5,1e-12,1e-12,1e-12,0.5
1e-12,1.6918200174131925e-10,0.0005527784677338277,0.9994434947237922,3.726639284186561e-06
1e-12,1e-12,1.3007128464304074e-05,0.9999869856774005,7.194132978569834e-09
1e-12,5.211022724438408e-10,0.0008040854144878429,0.9991889518081206,6.9622562501383685e-06
1e-12,1e-12,3.889111410693147e-08,0.9999999611084395,1e-12
1e-12,1e-12,4.4001184493991374e-05,0.9999559439701599,5.4845260911330566e-08
1e-12,3.242102808442837e-09,0.0014779397375661585,0.9985028338495476,1.9223170236538176e-05
1e-12,1e-12,2.127806604967919e-05,0.9999787055945579,1.6339382869056526e-08
1e-12,1.0902894143072217e-09,0.0010282097967345694,0.9989612966590378,1.0492453825020216e-05
5.060949437307727e-10,3.6632668187763784e-07,0.007107265210509417,0.9926265470426315,0.0002658209140822187
3.3822199263511266e-08,6.694488772440721e-06,0.018522068590077656,0.980134499284689,0.0013367038142616647
1e-12,1e-12,7.598768444427861e-05,0.9999238759739627,1.3634115424850162e-07
1.786792935831727e-12,7.357558118314955e-09,0.0019413364290521429,0.998028347732412,3.030847919089663e-05
2.009723720775014e-09,9.509926772732769e-07,0.009743973005724826,0.9898033676049359,0.00045170638693825603
6.739908842146036e-08,1.0777295504027506e-05,0.021644538431997873,0.9766026782614412,0.0017419386119684225
3.903127372417714e-07,3.619189920822663e-05,0.03209353137343651,0.9644526723398134,0.003417214074804625
9.392731470381221e-07,6.624824144974006e-05,0.03899885855170393,0.9561502896448405,0.004783664288858778
1.4570732728147462e-06,8.959590669288531e-05,0.04296153934900615,0.9512886532265797,0.005658754444448459
1.8147888064534712e-06,0.00010418271784551347,0.045082861246052985,0.9486568864184486,0.006154254828846445
2.0253422758909068e-06,0.00011234041322327748,0.04618014584964403,0.9472875464847894,0.006417941910067422
2.1396098681680797e-06,0.00011665481898937013,0.04673815133985626,0.9465890895474389,0.006553964683847254
2.19913896348789e-06,0.00011887352029094078,0.04701952100267226,0.9462363601550309,0.006623046183042466
0.5,1e-12,1e-12,1e-12,0.5
1e-12,1.6918200174131925e-10,0.0005527784677338277,0.9994434947237922,3.726639284186561e-06
1e-12,1e-12,1.3007128464304074e-05,0.9999869856774005,7.194132978569834e-09
1e-12,1e-12,4.944450404664735e-09,0.9999999950555353,1e-12
1e-12,1e-12,9.640133136201712e-11,0.9999999999035987,1e-12
1e-12,1e-12,1.3460565995160323e-11,0.9999999999865394,1e-12
1e-12,1e-12,2.029198364894569e-09,0.9999999979707984,1e-12
1e-12,1e-12,2.4914583285351455e-08,0.9999999750852042,1e-12
1e-12,1e-12,8.730078893126603e-08,0.999999912697493,1.7180284200177355e-12
1e-12,1e-12,1.6341819819576386e-07,0.9999998365769172,4.884657844253478e-12
1e-12,1e-12,2.2358441786884953e-07,0.9999997764073457,8.236373834386245e-12
1e-12,1e-12,2.6152432353043764e-07,0.9999997384649814,1.0695152989149338e-11
1e-12,1e-12,2.828442559055233e-07,0.9999997171435566,1.2187439613736606e-11
1e-12,1e-12,2.941473912221326e-07,0.9999997058395989,1.3009937632858642e-11
1e-12,1e-12,2.999672350512128e-07,0.9999997000193231,1.3441773823767346e-11
1e-12,1e-12,3.0292019592703667e-07,0.999999697066141,1.3663037740833177e-11
1e-12,1.852074049679686e-12,0.0001227917305098858,0.9998769048524633,3.0341517476916443e-07
5.055067475723263e-12,1.511343827864664e-08,0.0024665748232296503,0.9974881971052167,4.5212953060304165e-05
3.3802836085783383e-09,1.3625498848091055e-06,0.010972278772998778,0.9884747030332751,0.0005516522635576515
8.741025647740486e-08,1.2895849256899794e-05,0.022950645812553128,0.9751115975802217,0.0019247733477118273
4.4449501124255164e-07,3.958242155155389e-05,0.033036159393702746,0.9633320375694328,0.0035917761203017383
1.0023490297772497e-06,6.927721653049446e-05,0.03956273313891201,0.9554628267015243,0.004904160594003415
0.5,1e-12,1e-12,1e-12,0.5
0.0015011822567370103,0.009485760373856178,0.17143858117576316,0.7417162961724001,0.07585818002124355
5.829126566114784e-05,0.00111121899939437,0.09417995463405393,0.8816731651908649,0.022977369910025615
1e-12,5.789368984210341e-12,0.00017952796355735767,0.9998199005302062,5.715004470337245e-07
1e-12,1e-12,7.411279871472054e-06,0.9999925859028651,2.81726296579986e-09
1e-12,1e-12,1.5057017254127558e-06,0.9999984941004717,1.9780290699739537e-10
1e-12,1e-12,6.786735003982969e-07,0.9999993212740871,5.241255258964156e-11
1e-12,1e-12,4.5563993489317056e-07,0.9999995443330855,2.6979669905009784e-11
1e-12,1e-12,3.733380141701659e-07,0.9999996266426289,1.935696621714359e-11
1e-12,1e-12,3.3794219966853944e-07,0.9999996620414043,1.6395989150279512e-11
1e-12,1e-12,3.2152336071344934e-07,0.9999996784615494,1.5089949533596932e-11
1e-12,2.0252688415212106e-12,0.00012650557421345354,0.9998731755582484,3.1886551293031754e-07
5.392353230604385e-12,1.5804239028582856e-08,0.002503509310338492,0.9974501251178866,4.634976214358451e-05
3.4911924462477373e-09,1.3933116191910955e-06,0.01105340083286388,0.9883866614699706,0.0005585408943538956
1e-12,1e-12,5.847298617578378e-05,0.9999414389152801,8.80983441044525e-08
1.0127454430630678e-12,4.966578259768539e-09,0.001703361990864849,0.9982722696858299,2.436335571418873e-05
1.5130658947981601e-09,7.81461058529942e-07,0.009131893852508233,0.9904623169364595,0.0004050062369078778
5.848099771110782e-08,9.771313472239918e-06,0.02096239867124261,0.9773782209709586,0.0016495505633288652
3.6357424304522823e-07,3.446486865454901e-05,0.031589896285638686,0.965049763844104,0.003325511427359662
9.065298463006854e-07,6.465075399342268e-05,0.038694260355311094,0.9565210516901782,0.004719130670670976
1.431451033484521e-06,8.851012231625432e-05,0.04279429187560069,0.9514952771200336,0.005620489431016039
1.7987617567660763e-06,0.00010354985760152591,0.04499526809577681,0.9487659610161774,0.0061334222686875405
0.5,1e-12,1e-12,1e-12,0.5
1e-12,1.6918200174131925e-10,0.0005527784677338277,0.9994434947237922,3.726639284186561e-06
1e-12,1e-12,1.3007128464304074e-05,0.9999869856774005,7.194132978569834e-09
1e-12,1e-12,1.994729721510602e-06,0.9999980049541903,3.1608814533145753e-10
1e-12,1e-12,7.811483306863209e-07,0.9999992187854136,6.625567462149743e-11
1e-12,1e-12,4.88830277367569e-07,0.9999995111393886,3.033405824949604e-11
1e-12,1e-12,3.866966170607e-07,0.9999996132828579,2.0525050503251762e-11
1e-12,1e-12,3.439351056178097e-07,0.9999996560480109,1.6883446011135802e-11
1e-12,1e-12,3.2436170371852313e-07,0.9999996756229836,1.5312620626352062e-11
1e-12,1e-12,3.1499677377588853e-07,0.9999996849886433,1.4582894626284646e-11
1e-12,1e-12,3.104161958589202e-07,0.999999689569573,1.4231177813368635e-11
1e-12,1e-12,3.0815094620439965e-07,0.9999996918349953,1.405851338519264e-11
1e-12,1e-12,3.0702452769038047e-07,0.9999996929614994,1.3972968357356615e-11
1e-12,1e-12,3.0646286353075425e-07,0.9999996935232061,1.393039124257435e-11
1e-12,1e-12,3.0618241697588644e-07,0.9999996938036739,1.3909151361286286e-11
1e-12,1e-12,3.0604228973274417e-07,0.9999996939438117,1.3898543568019964e-11
1e-12,1.880717803715015e-12,0.00012342281662869325,0.999876271162549,3.060189415889148e-07
5.111688849979146e-12,1.5230097627494388e-08,0.0024728902070852987,0.997481688029614,4.54065280913389e-05
3.399110548585327e-09,1.3677934566080907e-06,0.010986193226076635,0.9884596042539849,0.0005528313273712524
8.765334091886956e-08,1.2920591569653972e-05,0.0229650039566639,0.9750951614360687,0.0019268263623568893
4.4511264307711684e-07,3.962029890125507e-05,0.03304637061938276,0.9633198760163736,0.0035936879526993434
1.003045176473094e-06,6.931030613122058e-05,0.0395687980312629,0.9554554247212244,0.0049054638962050135
0.5,1e-12,1e-12,1e-12,0.5
0.0015011822567370103,0.009485760373856178,0.17143858117576316,0.7417162961724001,0.07585818002124355
5.829126566114784e-05,0.00111121899939437,0.09417995463405393,0.8816731651908649,0.022977369910025615
1e-12,5.789368984210341e-12,0.00017952796355735767,0.9998199005302062,5.715004470337245e-07
1e-12,1e-12,7.411279871472054e-06,0.9999925859028651,2.81726296579986e-09
1e-12,1e-12,1.5057017254127558e-06,0.9999984941004717,1.9780290699739537e-10
1e-12,1e-12,6.786735003982969e-07,0.9999993212740871,5.241255258964156e-11
1e-12,1e-12,4.5563993489317056e-07,0.9999995443330855,2.6979669905009784e-11
1e-12,1e-12,3.733380141701659e-07,0.9999996266426289,1.935696621714359e-11
1e-12,1e-12,3.3794219966853944e-07,0.9999996620414043,1.6395989150279512e-11
1e-12,1e-12,3.2152336071344934e-07,0.9999996784615494,1.5089949533596932e-11
1e-12,1e-12,3.1361554819753223e-07,0.9999996863699753,1.4476476506554658e-11
1e-12,1e-12,3.0973487796792654e-07,0.9999996902509429,1.4179156994783246e-11
1e-12,1e-12,3.078125873079429e-07,0.9999996921733799,1.4032795031401518e-11
1e-12,1e-12,3.06855920451099e-07,0.9999996931301194,1.396018157696897e-11
1e-12,1e-12,3.0637870274130563e-07,0.9999996936073733,1.3924015874845784e-11
1e-12,1e-12,3.0614037216381007e-07,0.9999996938457218,1.3905968173487258e-11
1e-12,1e-12,3.060212763195125e-07,0.9999996939648267,1.3896953096944853e-11
1e-12,1e-12,3.0596174582786517e-07,0.9999996940243617,1.3892447750548772e-11
1e-12,1.88005166990024e-12,0.00012340657638898467,0.9998762874699058,3.0595182521741066e-07
1e-12,1e-12,6.144473443936427e-06,0.9999938534652352,2.061320706849831e-09
1e-12,1e-12,1.3709905470893347e-06,0.9999986288402563,1.6919664983013558e-10
