P1,P2,P3,P4,P5
0.5,1e-12,1e-12,1e-12,0.5
0.0015011822567370103,0.009485760373856178,0.17143858117576316,0.7417162961724001,0.07585818002124355
5.829126566114784e-05,0.00111121899939437,0.09417995463405393,0.8816731651908649,0.022977369910025615
1e-12,5.789368984210341e-12,0.00017952796355735767,0.9998199005302062,5.715004470337245e-07
1.1513456854572723e-11,2.6717932755104812e-08,0.002981006000408626,0.9969569167741221,6.205049602300743e-05
5.101404187968228e-09,1.8111209996174438e-06,0.012051963293832735,0.9873000171930437,0.000646203290719727
1e-12,1e-12,3.041596421948789e-06,0.9999969577650625,6.385156050141256e-10
1e-12,1e-12,4.802411546211971e-08,0.99999995197525,1e-12
1e-12,1e-12,4.8895257547809656e-05,0.999951039357064,6.538527116540901e-08
1e-12,3.797765879554049e-09,0.0015578445275032937,0.9984211625333612,2.0989140682179026e-05
1.246495573425932e-09,6.834181944803674e-07,0.008736035546590637,0.9908873537668199,0.00037592602189940216
5.308003891979496e-08,9.138918643181171e-06,0.02050878096236164,0.9778927271131624,0.0015892999257937704
3.463788328383899e-07,3.333324072096744e-05,0.0312504225220257,0.9654515824100349,0.0032643154483855837
8.84832835890137e-07,6.35822078871584e-05,0.03848760108626437,0.9567723623828989,0.004675569490113684
1.4142170242648078e-06,8.777635750745194e-05,0.04268045908416018,0.9516358380345455,0.005594512306762568
1.7879008413768105e-06,0.0001031199807102201,0.04493555685630013,0.9488402959278824,0.006119239334265781
2.0102825237788835e-06,0.00011176613536578728,0.04610475116586088,0.9473818094420601,0.006399662974189527
2.1316403231441683e-06,0.00011635631510775735,0.04670001187787598,0.9466368739891655,0.006544626177527561
2.1950395044934012e-06,0.00011872134378443366,0.047000339925376666,0.946260417320224,0.006618326371110391
2.2274427330382096e-06,0.00011992175306152486,0.04715118236348903,0.9460711834040765,0.006655485036639932
1e-12,1e-12,6.133794476781418e-06,0.9999938641501698,2.0553532423960075e-09
1e-12,1e-12,6.819834763582833e-08,0.9999999318005139,1.1383866743448748e-12
0.5,1e-12,1e-12,1e-12,0.5
1e-12,1e-12,2.753569109381626e-05,0.9999724391988943,2.5109990926928157e-08
1e-12,1.6050298867753554e-09,0.0011695086598275672,0.998817482606478,1.3007128466476033e-05
1e-12,1e-12,9.422445937934398e-07,0.9999990576648454,9.056076988852741e-11
1e-12,1e-12,5.368750040091186e-07,0.9999994630895319,3.5464107046484124e-11
1e-12,4.370059869529541e-12,0.00016346469808403707,0.9998360464672685,4.888302773361011e-07
9.39714972503225e-12,2.3213548083766966e-08,0.002844886442034178,0.9970977027398062,5.7387595214376774e-05
4.608734727185038e-09,1.6882969033904516e-06,0.011776149782881551,0.9876006942953419,0.0006214630161383599
1.0206496114939512e-07,1.4351843416582355e-05,0.02376553052828312,0.9741772507827043,0.002042764780634773
4.803126429919757e-07,4.175272085082948e-05,0.03361073128500991,0.9626469897040765,0.0037000459774197757
1.0419515587001271e-06,7.11483386759415e-05,0.03990258442086425,0.9550477944754479,0.004977430813453225
1.5346494629531193e-06,9.284729280500947e-05,0.043454091134298434,0.9506793998994308,0.0057721270240027435
1.8624730100391673e-06,0.0001060552843664686,0.045339890094928115,0.9483366222284226,0.0062155699192727905
2.0517780286999354e-06,0.00011334524453343597,0.04631142272252786,0.947123354485803,0.006449825769107014
2.153528210979694e-06,0.00011717529721244624,0.046804489755126966,0.9465059592006086,0.006570222218840981
2.2062801607880544e-06,0.00011913839552613048,0.04705286638113515,0.9461945339378348,0.0066312550053431105
2.2331387456997476e-06,0.00012013219512430062,0.04717751772026191,0.9460381346918381,0.0066619822540299875
2.24669040316261e-06,0.0001206321870365068,0.04723995942789383,0.9459597628232626,0.0066773988714039015
1e-12,1e-12,6.139886940759176e-06,0.9999938580543021,2.058756896230977e-09
1e-12,1e-12,6.823220877194558e-08,0.9999999317666519,1.1393288655251678e-12
1e-12,1e-12,7.192877626849281e-09,0.9999999928070956,1e-12
1e-12,1e-12,1.8923496911238402e-05,0.9999810630646266,1.343845520217775e-08
0.5,1e-12,1e-12,1e-12,0.5
1e-12,1e-12,2.753569109381626e-05,0.9999724391988943,2.5109990926928157e-08
1e-12,1.6050298867753554e-09,0.0011695086598275672,0.998817482606478,1.3007128466476033e-05
1e-12,1e-12,9.422445937934398e-07,0.9999990576648454,9.056076988852741e-11
1e-12,1.0160317032159583e-11,0.0002165440397345897,0.9997826748017742,7.811483306372579e-07
1.7283730002759512e-11,3.539347892544953e-08,0.0032730295599089354,0.9966543914110982,7.254361823018916e-05
6.250371109572939e-09,2.0842082284477925e-06,0.012622858822964766,0.98667637505195,0.0006986756664856784
1.1886081885403854e-07,1.5942749882480456e-05,0.024593867015260673,0.9732243041750352,0.0021657671990027
5.18328426180048e-07,4.400150510197598e-05,0.03418480274485747,0.9619610472231415,0.0038096301984728983
1.0824005981513452e-06,7.303651799017707e-05,0.04023931891624466,0.9546360540808791,0.005050508084287809
1e-12,1e-12,5.6437231273909205e-06,0.999994354487859,1.7890133605359182e-09
1e-12,1e-12,6.541720531938466e-08,0.9999999345817326,1.0620705317349648e-12
1e-12,1e-12,5.706627161783384e-05,0.9999428491340254,8.459417084756485e-08
1e-12,4.788440755021384e-09,0.00168278155513657,0.9982933397393126,2.387391614935425e-05
1e-12,1e-12,2.2707103192187716e-05,0.9999772746878007,1.8208995333606745e-08
1e-12,1.201946320250613e-09,0.001062140712352666,0.9989267816001288,1.1076485441598166e-05
5.430185190391512e-10,3.8461662543731734e-07,0.007222852722876039,0.9925036452254835,0.0002731168919964438
3.503428025464217e-08,6.859299559569543e-06,0.018670244659775848,0.9799679568833235,0.0013549041230608227
1e-12,1e-12,3.7988794072685295e-06,0.9999962001956917,9.249010269539595e-10
1e-12,8.225198300237935e-11,0.0004347083087250514,0.9995627952310461,2.4963779742443223e-06
7.826916892383906e-11,1.006740545372864e-07,0.004631547110331202,0.9952386750681081,0.00012967706923696967
1e-12,1e-12,1.8783779296427383e-06,0.9999981213361097,2.859606797580388e-10
0.5,1e-12,1e-12,1e-12,0.5
1e-12,1e-12,2.753569109381626e-05,0.9999724391988943,2.5109990926928157e-08
1e-12,1e-12,1.4449800378457667e-07,0.9999998554980173,3.978962535821408e-12
1e-12,1e-12,4.2228334447003135e-06,0.9999957760632993,1.10325603112638e-09
1e-12,1e-12,5.658623625226511e-08,0.9999999434129297,1e-12
1e-12,1e-12,5.307507807716938e-05,0.9999468499571914,7.496458199894615e-08
1e-12,4.294991917674906e-09,0.0016229627656558776,0.9983545588486767,2.2474089854291754e-05
1.3623393524397898e-09,7.267480052197683e-07,0.008915398942527464,0.9906948808645254,0.0003889920826025971
1e-12,1e-12,2.611798843976665e-06,0.9999973877058183,4.953377560970426e-10
1e-12,1e-12,4.4501879070679706e-08,0.999999955497562,1e-12
1e-12,1e-12,5.8089431043129025e-09,0.9999999941910381,1e-12
1e-12,1e-12,1.700589345654535e-05,0.9999829828601937,1.1246344802923042e-08
1e-12,1e-12,1.135563201248857e-07,0.999999886441017,2.662884111342386e-12
1e-12,1e-12,9.279265689166039e-09,0.9999999907206933,1e-12
1e-12,1e-12,2.652557062887695e-09,0.9999999973474378,1e-12
1e-12,1e-12,1.4182093277526064e-09,0.9999999985817889,1e-12
1e-12,1e-12,1.0369984870806093e-09,0.9999999989630004,1e-12
1e-12,1e-12,7.185288416478031e-06,0.9999928120360384,2.675544685230352e-09
1e-12,2.1395574201221734e-10,0.0005977534699868059,0.9993980004327174,4.245883329118688e-06
1e-12,1e-12,6.734395491259093e-07,0.9999993265087103,5.174060668702951e-11
1e-12,1e-12,2.259734344089992e-08,0.9999999774024759,1e-12
1e-12,1e-12,3.35407220278805e-05,0.9999664243924351,3.488549925307996e-08
0.5,1e-12,1e-12,1e-12,0.5
1e-12,1.6918200174131925e-10,0.0005527784677338277,0.9994434947237922,3.726639284186561e-06
1e-12,1e-12,1.3007128464304074e-05,0.9999869856774005,7.194132978569834e-09
1e-12,5.211022724438408e-10,0.0008040854144878429,0.9991889518081206,6.9622562501383685e-06
1e-12,1e-12,7.811483306863209e-07,0.9999992187854136,6.625567462149743e-11
1e-12,1e-12,2.4337437731780653e-08,0.9999999756623579,1e-12
1e-12,1e-12,4.295813038623919e-09,0.9999999957041756,1e-12
1e-12,1e-12,1.4624283981024e-05,0.9999853669701744,8.745841482021825e-09
1e-12,6.212426129081905e-10,0.0008525660199781848,0.9991397568939077,7.676464821392228e-06
3.371318779699095e-10,2.765628001055731e-07,0.006475414644984467,0.9932969310351523,0.00022737741993132633
2.7604874497377807e-08,5.8180581606892545e-06,0.017689470246232575,0.9810683109547782,0.0012363731359540345
2.497920741362236e-07,2.6608681362061404e-05,0.029050110487389702,0.9680432812661632,0.0028797497730108806
1e-12,1e-12,4.7652757345639785e-06,0.999995233374836,1.349429419954071e-09
1e-12,1e-12,6.011086350898864e-08,0.9999999398882141,1e-12
1e-12,1e-12,6.751253778247701e-09,0.9999999932487221,1e-12
1e-12,1e-12,1.8333379692481167e-05,0.9999816538730224,1.2747278860902446e-08
1e-12,1e-12,1.1790524812038683e-07,0.9999998820919168,2.835014684551489e-12
1e-12,1e-12,9.455282889980765e-09,0.9999999905446748,1e-12
1e-12,1e-12,2.6775970329850907e-09,0.9999999973223977,1e-12
1e-12,1e-12,1.1545848810246007e-05,0.9999884482530067,5.898181488836279e-09
1e-12,4.3580383746189e-10,0.0007576075917165026,0.9992360879155469,6.304056902638019e-06
2.6097302097127795e-10,2.3165748075371084e-07,0.00610616501476291,0.9936875468470171,0.00020605621976622115
0.5,1e-12,1e-12,1e-12,0.5
3.3982678893096363e-09,1.3675589390915732e-06,0.010985571673386207,0.9884602787324832,0.0005527786369235996
1e-12,1e-12,2.9023119851867563e-06,0.9999970970974844,5.905303995456778e-10
1e-12,1e-12,4.691163790759845e-08,0.9999999530877519,1e-12
1e-12,1e-12,5.9641458438619566e-09,0.9999999940358345,1e-12
1e-12,1e-12,1.7231572746911894e-05,0.9999827569310563,1.14961917166371e-08
1e-12,7.945737401371389e-10,0.0009253840920041556,0.9990658140129706,8.80110037979258e-06
4.0270675683018453e-10,3.127537800962088e-07,0.006744676385605164,0.993011549992929,0.00024346046497898514
3.0170347109503837e-08,6.186429390875325e-06,0.01804911837376144,0.9806653575436661,0.0012793074828344202
2.6114151174816413e-07,2.743636066704358e-05,0.029340156679049878,0.967702904032364,0.0029292417864072657
7.682871113745549e-07,5.769399414701226e-05,0.037303532319855726,0.958208548764059,0.004429456634826867
1.3177931204033655e-06,8.361756400476761e-05,0.042022482678914175,0.9524471589365899,0.005445423027370674
1e-12,1e-12,5.7733293539197206e-06,0.9999942248126358,1.8580100872427016e-09
1e-12,1.540987337733668e-10,0.0005358457560836749,0.9994606158579187,3.538231892279953e-06
1.2317147302098874e-10,1.3778303686873272e-07,0.005139785285472875,0.9947056969427447,0.00015437986557412803
1e-12,1e-12,1.9792670438167903e-06,0.9999980204209412,3.120149629752125e-10
1e-12,1e-12,3.8740083141419746e-08,0.9999999612594733,1e-12
1e-12,1e-12,5.419861892619338e-09,0.9999999945801213,1e-12
1e-12,1e-12,1.6426508194333778e-05,0.9999835628767855,1.06150157615701e-08
1e-12,7.395464241000127e-10,0.0009035278448870088,0.9990880143353557,8.457080146348312e-06
1e-12,1e-12,8.280848060593371e-07,0.9999991718421711,7.302282432536022e-11
1e-12,1e-12,2.5057948827011955e-08,0.9999999749418366,1e-12
