P1,P2,P3,P4,P5
0.5,1e-12,1e-12,1e-12,0.5
1e-12,1e-12,2.753569109381626e-05,0.9999724391988943,2.5109990926928157e-08
1e-12,1e-12,2.9023119851867563e-06,0.9999970970974844,5.905303995456778e-10
1e-12,5.4926285741885295e-11,0.0003799844598241231,0.9996180207555265,1.994729721527057e-06
1e-12,1.0160317032159583e-11,0.0002165440397345897,0.9997826748017742,7.811483306372579e-07
1e-12,4.370059869529541e-12,0.00016346469808403707,0.9998360464672685,4.888302773361011e-07
1e-12,2.865929715767379e-12,0.00014202363736415258,0.9998575896631529,3.8669661702261996e-07
1e-12,2.3208102106764272e-12,0.0001323818632766871,0.9998672741992969,3.439351055812443e-07
1e-12,1e-12,1.5774931583223406e-08,0.9999999842249692,1e-12
1e-12,1e-12,3.4585310171308947e-09,0.9999999965414611,1e-12
1e-12,1e-12,6.533116316820298e-07,0.9999993466391793,4.918897698516021e-11
1e-12,1e-12,4.470452952265447e-07,0.9999995529285679,2.613682748810201e-11
1e-12,1e-12,3.698001529439665e-07,0.9999996301807949,1.905221228515642e-11
1e-12,1e-12,6.755469244557055e-06,0.9999932421166061,2.4141491090431633e-09
1e-12,1.9504819981364108e-10,0.0005796095922074862,0.9994163570653816,4.033147353433704e-06
1.4602430375987296e-10,1.550054907761833e-07,0.005344560730455639,0.994490462137419,0.0001648219806102727
1.816764305662133e-08,4.357566979806826e-06,0.016088672791255698,0.9828541422458594,0.001052809228261959
1e-12,1e-12,3.5216691792738786e-06,0.999996477515647,8.151736687501931e-10
1e-12,1e-12,5.167529448790731e-08,0.9999999483239886,1e-12
1e-12,1e-12,5.071982420667975e-05,0.9999492106732976,6.950236521926443e-08
1e-12,4.012304932743405e-09,0.0015866000454670681,0.998391756093566,2.163984791772357e-05
1e-12,1e-12,1.0977072789630782e-06,0.9999989021759115,1.168095545767529e-10
0.5,1e-12,1e-12,1e-12,0.5
0.0015011822567370103,0.009485760373856178,0.17143858117576316,0.7417162961724001,0.07585818002124355
1e-12,1e-12,1.3007128464304074e-05,0.9999869856774005,7.194132978569834e-09
1e-12,1e-12,1.994729721510602e-06,0.9999980049541903,3.1608814533145753e-10
1e-12,1e-12,1.9362746961348876e-09,0.9999999980637223,1e-12
1e-12,1e-12,6.032641053366206e-11,0.9999999999396736,1e-12
1e-12,1e-12,1.0648149029179876e-11,0.9999999999893519,1e-12
1e-12,1e-12,4.473754700029531e-12,0.9999999999955262,1e-12
1e-12,1e-12,4.71943424562582e-07,0.9999995280279677,2.860774158249516e-11
1e-12,3.601785536488933e-12,0.00015326280611915877,0.9998462981489629,4.3904131615939207e-07
1e-12,1e-12,3.409254846209464e-07,0.9999996590578775,1.663793249228742e-11
1e-12,1e-12,3.229394139880881e-07,0.9999996770453852,1.5200877358849004e-11
1e-12,1e-12,6.312954893505918e-06,0.9999936848887242,2.1563820713760297e-09
1e-12,1e-12,2.7911323038143365e-05,0.9999720629934387,2.568350145640301e-08
1e-12,1e-12,5.868750062643091e-05,0.9999412238614735,8.863769797959772e-08
1e-12,1e-12,1.0502919534083333e-08,0.9999999894970301,1e-12
1e-12,1e-12,5.6682159077503513e-08,0.9999999433170045,1e-12
1e-12,1e-12,5.31200420345046e-05,0.9999468048873511,7.507046455556551e-08
1e-12,4.300450884286988e-09,0.0016236490048837648,0.9983538567383553,2.2489955487359265e-05
1e-12,8.991007938163875e-11,0.0004477955098498576,0.9995495814537623,2.6229464746289475e-06
1e-12,1.2999601395335958e-11,0.0002350768556532712,0.9997640273824534,8.957488935349804e-07
1e-12,1e-12,2.1022312335361448e-08,0.9999999789775276,1e-12
0.5,1e-12,1e-12,1e-12,0.5
3.3982678893096363e-09,1.3675589390915732e-06,0.010985571673386207,0.9884602787324832,0.0005527786369235996
8.764247449999374e-08,1.2919485992024526e-05,0.02296436278155911,0.9750958954266469,0.0019267346633274757
4.4508505192553116e-07,3.9618607177160925e-05,0.03304591469647511,0.9633204190298758,0.00359360258142009
1.0030140882300032e-06,6.930882858091625e-05,0.039568527258300845,0.9554557551933079,0.004905405705722035
1.5057017254127558e-06,9.164022870034039e-05,0.04327265283348103,0.9509039547211011,0.005730246514992078
4.169997680492088e-12,1.322786546964494e-08,0.002359647450027591,0.9975983530097001,4.198630823683514e-05
1e-12,1.5769541228394246e-10,0.0005399802903943707,0.9994564356774165,3.583874486828734e-06
1e-12,1.7216228442862302e-11,0.00025814812802571474,0.9997408048031091,1.0470516487616713e-06
2.5295543437664492e-11,4.606892922698336e-08,0.0035726367974332485,0.9963433301992523,8.398690908969793e-05
1e-12,2.943219001849684e-10,0.0006647529403822627,0.9993301778711332,5.068894145518255e-06
1e-12,2.352007477668394e-11,0.00028643429033847756,0.9997123204590614,1.2452270795357007e-06
1e-12,1e-12,9.361857990830558e-06,0.999990633983443,4.1585652778851e-09
1e-12,1e-12,8.425408393186729e-08,0.9999999157442968,1.6192664926043621e-12
1e-12,1e-12,3.2245486208948293e-06,0.999996774747577,7.038020864576135e-10
1e-12,6.43229913777077e-11,0.0004005155626354284,0.9995973067228138,2.1776502258474536e-06
6.553468878678359e-11,8.90318498925069e-08,0.004446424205723942,0.9954323695235181,0.000121117173373324
1e-12,1e-12,3.696177607914741e-05,0.9999629972083597,4.1015510711850655e-08
1e-12,2.4961055444805424e-09,0.0013547313062486355,0.9986286423842186,1.662381305244868e-05
9.205451956262323e-10,5.541378423901122e-07,0.008150711212856265,0.9915141634163507,0.0003345703124054395
4.5615075161542507e-08,8.230770067729765e-06,0.01981844726170734,0.9786738384907067,0.001499437862443069
1e-12,1e-12,7.865589365263492e-05,0.9999211996919618,1.4441389886613893e-07
0.5,1e-12,1e-12,1e-12,0.5
1e-12,1e-12,1.3709572069808829e-06,0.9999986288736032,1.6918979223288784e-10
1e-12,1.783218017692434e-11,0.0002611903012632588,0.9997377419780343,1.067702870044147e-06
2.5946134130094833e-11,4.688569177346835e-08,0.0035935556697822557,0.9963215863768563,8.481104172358075e-05
7.658114697939311e-09,2.398444224893659e-06,0.013220415649965567,0.9860217726149653,0.0007554056327295276
1.315669313495249e-07,1.7100005820669395e-05,0.025161610127849898,0.9725693110198951,0.00225184727950302
5.453295502944044e-07,4.5567418592407094e-05,0.034572726091033124,0.9614966846120584,0.0038844765487658054
1.110235269941029e-06,7.432297419740497e-05,0.04046530525401448,0.9543594432335648,0.0050998183029534174
1.5841377036807103e-06,9.489437572629544e-05,0.043758084886443505,0.9503028314249217,0.0058426051752048505
1.8922645579344533e-06,0.00010721751935660606,0.045497833535033116,0.9481396718827836,0.0062533847982687305
2.0681227305141547e-06,0.00011396446509048808,0.0463919178148573,0.9470226379910288,0.006469411606292914
2.1620888231987934e-06,0.00011749489424039972,0.04684512277537911,0.9464550310257306,0.00658018921582672
2.21066096606215e-06,0.00011930075048705024,0.047073279840983306,0.9461689261531107,0.006636282594452975
5.0526249850690874e-12,1.5108251094630987e-08,0.0024662932619002875,0.9974884872942099,4.520433058604101e-05
1e-12,1.685329653611234e-10,0.0005520707956175874,0.9994442103489913,3.7186868505457137e-06
1e-12,1.7797985307765884e-11,0.00026102300978614323,0.9997379104093652,1.0665630503969373e-06
2.5910162904096978e-11,4.684065313398378e-08,0.003592408520932344,0.9963227788488326,8.476576367172614e-05
7.65279961623122e-09,2.397293323075367e-06,0.013218326457483331,0.9860240644994854,0.0007552040969085918
1.3152126743243286e-07,1.7095910859854513e-05,0.025159648087235587,0.9725715771582206,0.002251547322416488
1e-12,1e-12,8.887728646134185e-05,0.9999109456820056,1.770308307995313e-07
1e-12,1.148858785882112e-12,0.00010472347354384404,0.9998950438149158,2.327103915265334e-07
3.58046925441613e-12,1.190360487957065e-08,0.002278296197156804,0.9976820956019127,3.959629374514316e-05
0.5,1e-12,1e-12,1e-12,0.5
3.3982678893096363e-09,1.3675589390915732e-06,0.010985571673386207,0.9884602787324832,0.0005527786369235996
1e-12,1e-12,5.829126546308405e-05,0.9999416210918644,8.764247451323235e-08
1e-12,1e-12,2.1024334095898212e-07,0.9999997897492253,7.433680672296929e-12
1e-12,1.070921129553426e-12,0.00010229985365495242,0.9998974763424056,2.238028685224453e-07
3.403277659685955e-12,1.1492788387634789e-08,0.00225183578331134,0.9977093216106282,3.8831109868779e-05
2.7735853613819472e-09,1.1883348917107739e-06,0.010487900151460838,0.9889996508350711,0.0005112579049909173
7.917837807625006e-08,1.204480919136941e-05,0.022444928941846687,0.9756898876749694,0.0018530593956144392
4.230473722444117e-07,3.8256680201742554e-05,0.03267444504712591,0.963762534244863,0.003524340980437085
9.778675525984326e-07,6.810890887309906e-05,0.039347300655745765,0.9557256464812004,0.004857966086628129
1e-12,1e-12,5.577972127968067e-06,0.9999944202734611,1.754410709891103e-09
1e-12,1e-12,2.6236313874550277e-05,0.9999737405197896,2.31663178633286e-08
1e-12,1.492774792666296e-09,0.001141612553086313,0.9988458923746001,1.2493579360469524e-05
6.350178161085296e-10,4.2860254478860327e-07,0.007486473912034941,0.9922230394438787,0.0002900574065237463
3.788600244636342e-08,7.240257660967586e-06,0.019003740636033495,0.9795927351506434,0.0013962460696597015
2.926342405062954e-07,2.9676466264838552e-05,0.030096216134274933,0.9668138444439418,0.003059970321277963
8.132950859440768e-07,5.999905431020025e-05,0.03777658064873324,0.9576355356523294,0.004527071349541223
1.35584339422401e-06,8.526976652734053e-05,0.0422865436932327,0.9521217926456303,0.0055050380512153335
1.7506130698397016e-06,0.00010163780543870349,0.04472834034953166,0.9490981354752828,0.006070135756677076
1.989209236552547e-06,0.00011096025444012891,0.04599849376017584,0.9475146148859092,0.0063739418902383225
2.1204381644990278e-06,0.00011593613470239905,0.046646210205451455,0.9467042701385784,0.006531463083103303
2.1892642408927188e-06,0.00011850680699199145,0.046973269504338666,0.9462943665509217,0.00661166787350675
0.5,1e-12,1e-12,1e-12,0.5
3.3982678893096363e-09,1.3675589390915732e-06,0.010985571673386207,0.9884602787324832,0.0005527786369235996
1e-12,1e-12,2.9023119851867563e-06,0.9999970970974844,5.905303995456778e-10
1e-12,1e-12,4.691163790759845e-08,0.9999999530877519,1e-12
1e-12,1e-12,2.9693736358638034e-10,0.9999999997030625,1e-12
1e-12,1e-12,2.362421369639378e-11,0.9999999999763758,1e-12
1e-12,1e-12,1.084516725535778e-06,0.9999989153687949,1.1447953985610593e-10
1e-12,1e-12,5.759827781393057e-07,0.9999994239773485,3.987336734292367e-11
1e-12,1e-12,1.0404694883447974e-09,0.9999999989595294,1e-12
1e-12,1e-12,7.197303813710754e-06,0.9999928000131801,2.683005735776972e-09
1e-12,2.1449264586692607e-10,0.0005982527538306304,0.999397495232427,4.251799238805296e-06
1.5639867179118028e-10,1.6254522905434499e-07,0.0054294167778086155,0.9944011904281842,0.00016923009237944524
1.8801923462596903e-08,4.462135401617218e-06,0.01621444418839224,0.9827142925848029,0.0010667822894798128
2.0615170093218893e-07,2.3309121379266884e-05,0.02782824035047804,0.9694729594178763,0.002675284958565504
1.5429879596240426e-12,6.646665218212888e-09,0.00187679778083516,0.9980945507786037,2.8644792353000387e-05
1e-12,1e-12,2.3982718253767743e-05,0.9999759973360901,1.994564233289052e-08
1e-12,1.3046355107348973e-09,0.00109153549132035,0.9988968705524464,1.1592651451038474e-05
5.761426891126575e-10,4.0070032225614227e-07,0.007321486484687001,0.9923987058449942,0.00027940639385382813
3.6087006938245736e-08,7.001012738316881e-06,0.01879573576684357,0.979826827981582,0.0013703991518291792
2.856019599706272e-07,2.9183059847559534e-05,0.029933134911258263,0.9670058339167178,0.0030315625102164544
8.034635373688204e-07,5.94990268455442e-05,0.037675044323247975,0.9577586137944454,0.0045060393919237095
1.3476233988729547e-06,8.491409111022197e-05,0.04223000019172096,0.9521914900211286,0.0054922480726413226
