P1,P2,P3,P4,P5
0.5,1e-12,1e-12,1e-12,0.5
0.0015011822567370103,0.009485760373856178,0.17143858117576316,0.7417162961724001,0.07585818002124355
5.829126566114784e-05,0.00111121899939437,0.09417995463405393,0.8816731651908649,0.022977369910025615
1.1478768127015648e-05,0.0003685057466249475,0.06716670662487711,0.920021658007185,0.01243165085318582
5.09370500334505e-06,0.00021145034489178371,0.056435881258078746,0.9342219373028456,0.00912563738918052
3.3931448129020936e-06,0.00016007155764119485,0.05168200194732586,0.9403386445609314,0.007815888789288626
6.259881502046483e-12,1.752333911309023e-08,0.0025909618348303187,0.9973599340166718,4.908661889889002e-05
3.761539524305135e-09,1.4670606943711917e-06,0.011243089898430147,0.9881806531017711,0.0005747861775648728
9.220800911702298e-08,1.338032923581256e-05,0.02322845226377468,0.9747934137594666,0.001964661439513743
4.5653072600071454e-07,4.0317603201445174e-05,0.03323316695241274,0.9630973186115743,0.003628740302085432
1.0158288238359958e-06,6.991666868227941e-05,0.039679583319949474,0.9553201860843756,0.004929298098168783
1.515289786646612e-06,9.204083569303023e-05,0.043333052648342085,0.9508292182185089,0.005744173007669374
1.850688136073586e-06,0.00010559391265085871,0.045276857250439284,0.9484151904756992,0.006200507673074609
2.0452763743739055e-06,0.00011309849580354303,0.0462792614227624,0.9471635868658234,0.0064420079392362994
2.1501134643830966e-06,0.000117047701002293,0.046788245807260265,0.9465263167577376,0.006566239620535516
2.204530270444316e-06,0.00011907351518147813,0.047044703321771575,0.9462047736035539,0.00662924502922254
2.2322529734664087e-06,0.00012009948097979617,0.04717342588653883,0.9460432698151318,0.006660972564376156
2.2462447853976997e-06,0.00012061576104038796,0.047237910930932325,0.9459623342161284,0.006676892847113489
2.2532735446390006e-06,0.00012087472945387923,0.047270184432429696,0.9459218204087032,0.006684867155868614
2.2567961678321424e-06,0.00012100442126994349,0.047286328932855226,0.9459015519927794,0.0066888578569276195
2.2585595439439388e-06,0.0001210693191445733,0.047294403121093676,0.9458914149054853,0.006690854094732482
2.259441748475588e-06,0.00012110178108182268,0.047298440699795274,0.945886345641845,0.006691852435529417
0.5,1e-12,1e-12,1e-12,0.5
1e-12,1.6918200174131925e-10,0.0005527784677338277,0.9994434947237922,3.726639284186561e-06
1.317650433207973e-10,1.4436623874125587e-07,0.005219981195554557,0.9946214380873392,0.00015843621910252592
1.725782772243889e-08,4.205575616977875e-06,0.015902168878370038,0.9830613772514304,0.0010322310367548194
1e-12,1e-12,7.03118423214244e-05,0.9999295683642753,1.1979305557162662e-07
1.510347402700063e-12,6.548822373275698e-09,0.0018675594275605611,0.9981040242791606,2.840974294610978e-05
1.8476060681393847e-09,8.972485051605972e-07,0.009558500250980262,0.9900032662493903,0.00043733440351828275
6.46235096546377e-08,1.0468896185833465e-05,0.021440195655793914,0.9768352323453225,0.0017140384791880215
3.82191466696824e-07,3.5671373694867725e-05,0.031943506560030754,0.9646306566041829,0.003389783270624741
9.294500177281506e-07,6.577085196823873e-05,0.03890837023722549,0.9562604772684896,0.004764452192298918
1.449434051559173e-06,8.927281620596528e-05,0.04291192026712476,0.9513499677456644,0.005647389736953296
1.8100252204833467e-06,0.00010399480300538055,0.04505689100211363,0.9486892292716675,0.006148074897993005
2.02268239923864e-06,0.00011223908173163544,0.046166861978625406,0.9473041566558128,0.006414719601430954
2.1382044346207607e-06,0.00011660220322740056,0.0467314336341601,0.9465975065557024,0.006552319402475455
2.1984165770039255e-06,0.00011884671100514943,0.047016143071257566,0.946240596923808,0.006622214877352217
2.2291555368258997e-06,0.00011998505133736792,0.04715910708860005,0.9460612388570664,0.006657439847459373
2.2446858185531937e-06,0.00012055828759627296,0.04723074184731357,0.9459713331172375,0.006675122062034184
2.2524914866650647e-06,0.0001208459278579932,0.04726659746739692,0.9459263234586374,0.0066839806546210466
2.256404493361508e-06,0.0001209900042263845,0.047284534844275306,0.945903804418135,0.006688414328869912
2.2583635451711714e-06,0.00012106210655804528,0.04729350592525561,0.9458925413433281,0.006690632261313006
1e-12,1.878941446875615e-12,0.000123382220035273,0.9998763119269075,3.0585117825918916e-07
1e-12,1e-12,6.143866985608426e-06,0.9999938540720326,2.0609816293056576e-09
0.5,1e-12,1e-12,1e-12,0.5
0.0015011822567370103,0.009485760373856178,0.17143858117576316,0.7417162961724001,0.07585818002124355
1e-12,1e-12,6.475947983419772e-07,0.999999352356728,4.847368706035286e-11
1e-12,1e-12,1.1032559310564238e-09,0.9999999988967428,1e-12
1e-12,1e-12,4.553690757802542e-11,0.9999999999544631,1e-12
1e-12,1e-12,7.49645819864142e-08,0.9999999250340852,1.3327855038753346e-12
1e-12,1e-12,6.108855078845732e-05,0.9999388166848744,9.476410915671052e-08
1.113553693699032e-12,5.303507411014152e-09,0.0017409783601018969,0.9982337481074502,2.526822782693578e-05
1.5865266878023476e-09,8.075124693363023e-07,0.009231405305540341,0.9903553297053534,0.0004124558901102128
5.98838230114751e-08,9.93255501191559e-06,0.021074848698062865,0.977250525522046,0.0016646333410561605
3.679090575525734e-07,3.474748124254745e-05,0.031673479238729096,0.9649507505424751,0.0033406548284956213
9.119180068850596e-07,6.49148629049412e-05,0.03874497520300835,0.9564593497834206,0.004729848232659251
1.4356988016217542e-06,8.869054922866493e-05,0.04282218202964505,0.9514608293634185,0.0056268623589061685
1.8014286518042155e-06,0.00010365528836586702,0.04500988640804704,0.9487477601154106,0.006136896759524637
2.0178734001508047e-06,0.00011205576967510122,0.04614280976537377,0.9473342295325442,0.006408887059006828
2.135661093749519e-06,0.00011650695938780764,0.04671926802106707,0.9466127490436722,0.006549340314779212
2.1971087071914752e-06,0.00011879816612303529,0.047010025133419786,0.9462482702117595,0.006620709379990508
2.228492359868106e-06,0.00011996054483209839,0.04715603930494938,0.9460650885790061,0.006656683078852567
2.244351895219765e-06,0.00012054597540744894,0.047229205747811975,0.945973261256103,0.006674742668782295
2.2523239381344595e-06,0.00012083975697674276,0.047265828865227566,0.945927288348597,0.006683790705260628
2.2563205719361434e-06,0.00012098691508244386,0.04728415040502354,0.9459042870683783,0.006688319290943822
2.258321547654596e-06,0.00012106056105942731,0.04729331367108014,0.945892782719782,0.006690584726530701
0.5,1e-12,1e-12,1e-12,0.5
1e-12,1e-12,2.753569109381626e-05,0.9999724391988943,2.5109990926928157e-08
1e-12,1e-12,5.829126546308405e-05,0.9999416210918644,8.764247451323235e-08
1e-12,1e-12,8.481104111335291e-05,0.9999150252205902,1.63737686249047e-07
2.2670754162845697e-12,8.675513751832398e-09,0.002050734862136583,0.9979160422651346,3.321419494792514e-05
2.2637343111142627e-09,1.0325894059803886e-06,0.010012535770032915,0.9895135749423065,0.0004728544345203107
7.15317041155572e-08,1.1229276629332041e-05,0.0219369529065343,0.9762695499627658,0.0017821963223663923
4.0210085283653996e-07,3.694146811006327e-05,0.03230698881219418,0.9641992579507775,0.003456409668065429
9.533514644388674e-07,6.692970199873027e-05,0.03912725014983509,0.9559938837641004,0.004810983032601249
1.4679523420157992e-06,9.00551024717311e-05,0.0430318476605569,0.9512017538388183,0.005674875445811069
1.8215511601304968e-06,0.000104449213313762,0.04511963566580479,0.9486110830051216,0.006163010564599643
2.0291122307947163e-06,0.00011248396259389004,0.04619894991520768,0.9472640324809151,0.006422504529052567
2.141600267679955e-06,0.00011672931567252576,0.04674765907550249,0.9465771763950369,0.006556293613520381
2.2001616143407787e-06,0.00011891146825304677,0.04702430148321546,0.9462303641507608,0.006624222736156336
2.230040079931328e-06,0.00012001773443470753,0.047163197757871256,0.9460561054624109,0.006658449005203173
2.245131127232014e-06,0.0001205747057962947,0.047232790052836426,0.9459687621572167,0.006675627953023326
2.2527149040607597e-06,0.00012085415618789952,0.047267622288513556,0.9459250369116188,0.006684233928775735
2.256516393517316e-06,0.00012099412320687453,0.04728504743450179,0.9459031608777065,0.006688541048191251
2.2584195430441767e-06,0.00012106416725332636,0.0472937622652958,0.9458922195063633,0.006690695641544552
1e-12,1.878941446875615e-12,0.00012338257299182587,0.9998763115724926,3.05852636674287e-07
1e-12,1e-12,6.143875774466956e-06,0.9999938540632388,2.0609865430746215e-09
1e-12,1.6916956724344345e-10,0.0005527650324852473,0.9994435083100947,3.726488242803087e-06
0.5,1e-12,1e-12,1e-12,0.5
1e-12,1e-12,2.753569109381626e-05,0.9999724391988943,2.5109990926928157e-08
1e-12,1.6050298867753554e-09,0.0011695086598275672,0.998817482606478,1.3007128466476033e-05
6.691585063833827e-10,4.444158934191478e-07,0.00757679618280882,0.9921268016186262,0.000295957113513077
1e-12,1e-12,2.406102339591598e-06,0.9999975934656191,4.320412697441966e-10
1e-12,4.1460612720811696e-11,0.0003459915617164411,0.9996523022135829,1.7061832388634165e-06
4.772227057969758e-11,7.148398184497751e-08,0.004133896558748296,0.995758823108626,0.00010720880092159908
1e-12,3.6664515867812497e-10,0.0007152320653629474,0.999279040565119,5.727002849373947e-06
1e-12,2.625144546186675e-11,0.0002971150864911065,0.9997015612903181,1.3235969389153275e-06
3.430589146091734e-11,5.6884463695006104e-08,0.0038318750685285563,0.996073639978601,9.44280341008577e-05
8.805832396596713e-09,2.6415332703422223e-06,0.01364732680038483,0.9855529675121146,0.0007970553483977725
1.4108180723670927e-07,1.7943908266926378e-05,0.025559295635134816,0.9721096201008553,0.0023129992739357383
5.647043848089339e-07,4.66761103506963e-05,0.034841865856722,0.9611741120205897,0.003936781307952805
1.12978571598088e-06,7.522049174391032e-05,0.04062136884970058,0.954168284246635,0.005133996626204528
1.5980245933189252e-06,9.54651664574202e-05,0.043842034281593945,0.9501987663261956,0.0058621362011597395
1.9005404555683114e-06,0.00010753935267004966,0.045541358614943905,0.9480853775822239,0.006263823909706557
2.072640306050033e-06,0.00011413534075022103,0.046414076984649055,0.9469949069715622,0.0064748080627325365
2.1644489515137977e-06,0.00011758293554875454,0.046856302656146376,0.9464410171871797,0.006582932772173733
2.211867211499019e-06,0.0001193454367243163,0.047078894998173304,0.946161881852773,0.006637665845117917
2.235964490671094e-06,0.00012023653070947216,0.04719056266109045,0.9460217631892087,0.006665201654500724
2.2481114002603775e-06,0.00012068455977098935,0.0472464895677307,0.9459515656830323,0.00667901207806575
2.2542095781119542e-06,0.0001209091974899712,0.0472744763151397,0.945916432333052,0.0066859279447402265
0.5,1e-12,1e-12,1e-12,0.5
0.0015011822567370103,0.009485760373856178,0.17143858117576316,0.7417162961724001,0.07585818002124355
1e-12,1e-12,6.475947983419772e-07,0.999999352356728,4.847368706035286e-11
1e-12,5.789368984210341e-12,0.00017952796355735767,0.9998199005302062,5.715004470337245e-07
1e-12,3.298694650766265e-12,0.0001488384792742714,0.999850743398704,4.181187231316626e-07
1e-12,2.490008199629301e-12,0.0001355207831341687,0.999864121578458,3.576359177212449e-07
6.259881502046483e-12,1.752333911309023e-08,0.0025909618348303187,0.9973599340166718,4.908661889889002e-05
3.761539524305135e-09,1.4670606943711917e-06,0.011243089898430147,0.9881806531017711,0.0005747861775648728
1e-12,1e-12,2.936523420093984e-06,0.9999970628744024,6.021775680334617e-10
1e-12,1e-12,4.718731783093233e-08,0.999999952812066,1e-12
1e-12,1e-12,4.8467417813280456e-05,0.9999514681476127,6.443446011889695e-08
1e-12,1e-12,1.9170936271795114e-07,0.9999998082842634,6.373906342260484e-12
1e-12,1e-12,6.002693897499967e-10,0.9999999993997302,1e-12
1e-12,1e-12,3.3589131476219336e-11,0.9999999999664109,1e-12
1e-12,1e-12,7.94564414263732e-12,0.9999999999920544,1e-12
1e-12,1e-12,3.864464304115245e-12,0.9999999999961355,1e-12
1e-12,1e-12,4.386328528172001e-07,0.9999995613418249,2.532224725155769e-11
1e-12,3.227196287980405e-12,0.00014775587797721812,0.999851831057276,4.130615195464268e-07
7.54929452284614e-12,1.9949128571283836e-08,0.002705098841838449,0.9972421280580738,5.275314340995125e-05
4.130841224636583e-09,1.5652136186039556e-06,0.011485833766294196,0.9879167419157889,0.0005958549734570921
9.66284636749748e-08,1.3819815257387624e-05,0.02347459321287204,0.9745111959412914,0.0020002944021154405
4.673456696080436e-07,4.09730591708346e-05,0.033406738129472036,0.9628903767174823,0.003661444748205144
