P1,P2,P3,P4,P5
0.5,1e-12,1e-12,1e-12,0.5
1e-12,1.6918200174131925e-10,0.0005527784677338277,0.9994434947237922,3.726639284186561e-06
1.317650433207973e-10,1.4436623874125587e-07,0.005219981195554557,0.9946214380873392,0.00015843621910252592
1e-12,5.211022724438408e-10,0.0008040854144878429,0.9991889518081206,6.9622562501383685e-06
2.9693736358638034e-10,2.5330492936515014e-07,0.0062896485350257825,0.9934935538132124,0.00021654404989510326
2.5907067602304323e-08,5.568430645919165e-06,0.017436890398491722,0.9813509255515483,0.001206589712246389
1e-12,3.242102808442837e-09,0.0014779397375661585,0.9985028338495476,1.9223170236538176e-05
1e-12,7.806577606572773e-11,0.0004272078128790824,0.9995703671354642,2.424973588494704e-06
1e-12,1e-12,1.1434017161415788e-05,0.999988560179564,5.80327307201365e-09
1e-12,4.2948755663019256e-10,0.0007539323527384623,0.9992398140859221,6.253131822306542e-06
2.5823565508176216e-10,2.2997340132224764e-07,0.006091416472879252,0.9937031308733507,0.00020522242213300444
2.4159836242709787e-08,5.306182071285193e-06,0.01716313761066046,0.981656877074038,0.0011746549733939661
1e-12,3.164686512846515e-09,0.0014660977843314882,0.998514932273701,1.8966776752714874e-05
1.0926679561151786e-09,6.239017704690042e-07,0.008476750815451184,0.9911652613001378,0.00035736288997257265
4.969697231516079e-08,8.732622461149475e-06,0.020205976967262118,0.9782356299441358,0.0015496107691685748
3.3515885489165953e-07,3.258538913053499e-05,0.031021712940063617,0.9657219998379707,0.0032233666739802163
8.70384024853621e-07,6.286605956606905e-05,0.03834774907785954,0.9569423218791172,0.004646192599432377
3.170352869119597e-12,1.0942244998979334e-08,0.0022153656146133294,0.9977468370990717,3.778634089961671e-05
2.6769637617718445e-09,1.1595486725246573e-06,0.010403341308763414,0.9890911600424714,0.0005043364231288101
7.77870102774969e-08,1.1898304561386297e-05,0.022355437692551883,0.9757920962501916,0.0018404899656848845
4.1931388361504673e-07,3.802377627093456e-05,0.03261001365698557,0.963839155517626,0.0035123877352338986
9.735430416268898e-07,6.790158374903044e-05,0.039308803943140624,0.9557725890008206,0.004849731929248134
0.5,1e-12,1e-12,1e-12,0.5
0.0015011822567370103,0.009485760373856178,0.17143858117576316,0.7417162961724001,0.07585818002124355
1e-12,1.783218017692434e-11,0.0002611903012632588,0.9997377419780343,1.067702870044147e-06
1e-12,1e-12,4.4508505192553116e-07,0.9999995548890019,2.5946094982091465e-11
1e-12,3.298694650766265e-12,0.0001488384792742714,0.999850743398704,4.181187231316626e-07
7.669642698715506e-12,2.0168774872431072e-08,0.002714965292560545,0.9972319394527682,5.307507822667364e-05
1e-12,1.9472690127031456e-10,0.0005792914751852063,0.9994166788734772,4.029456601378866e-06
1e-12,1.9131141115735772e-11,0.00026738259373038087,0.9997315071518683,1.110235269898378e-06
1e-12,1e-12,9.045073662061753e-06,0.9999909509996463,3.9266909864121466e-09
1e-12,3.0218538782378346e-10,0.0006706173055428533,0.9993242387006156,5.143691638397984e-06
2.003299748309928e-10,1.929183082172159e-07,0.005746769223022863,0.9940669054495918,0.00018613220874718548
2.1279378703553675e-08,4.860575312570781e-06,0.016676168680047843,0.9822002102844288,0.001118739180832037
2.193134415184872e-07,2.43253824743217e-05,0.028216535725645087,0.9690193654821805,0.0027395540962585527
7.040738821961767e-07,5.433043401248394e-05,0.036589257729335634,0.9590718505514988,0.004283857211270854
1.2615213060840347e-06,8.114631952738094e-05,0.04162067858536844,0.9529416419965553,0.005355271577242856
1.688623010753787e-06,9.915146080541337e-05,0.04437596328177906,0.949536150611029,0.0059870460233756905
1.9536723830926306e-06,0.0001095951220380087,0.04581726437865852,0.947741005211235,0.006330181615685274
2.101412193478147e-06,0.00011522088024473742,0.04655431253369724,0.9468193577787773,0.006509007395087197
4.926281604866745e-12,1.4845545015518269e-08,0.0024519480744130684,0.9975032711710988,4.476590401685808e-05
3.336896314820592e-09,1.3504314791967786e-06,0.010939982582392704,0.9885097440499288,0.0005489195993030568
8.6847472546836e-08,1.2838484142685402e-05,0.02291728411827043,0.9751497838539914,0.0019200066961229424
4.430617783768298e-07,3.949446257178746e-05,0.03301242089363643,0.9633603082601787,0.0035873333218347397
0.5,1e-12,1e-12,1e-12,0.5
0.0015011822567370103,0.009485760373856178,0.17143858117576316,0.7417162961724001,0.07585818002124355
5.829126566114784e-05,0.00111121899939437,0.09417995463405393,0.8816731651908649,0.022977369910025615
1.1478768127015648e-05,0.0003685057466249475,0.06716670662487711,0.920021658007185,0.01243165085318582
5.09370500334505e-06,0.00021145034489178371,0.056435881258078746,0.9342219373028456,0.00912563738918052
3.3931448129020936e-06,0.00016007155764119485,0.05168200194732586,0.9403386445609314,0.007815888789288626
2.7694058111205067e-06,0.00013925423441896179,0.04944699934380159,0.9431782132124893,0.007232763803479049
2.5019503205880866e-06,0.00012987991527690923,0.04836362137835937,0.9445463879486667,0.006957608807376378
2.378070464992277e-06,0.00012543118880059545,0.04783029454863419,0.9452179414053233,0.006823954786776902
5.240474720835664e-12,1.5494820315709035e-08,0.002487102072096792,0.9974670390691991,4.584335864327436e-05
1e-12,1.7067569579864994e-10,0.0005543994103406336,0.9994418555387817,3.7448801941529177e-06
1.32604149882809e-10,1.450017976800666e-07,0.005227592826903993,0.994613438601364,0.00015882343733019123
1.7312688060933112e-08,4.214809605329606e-06,0.015913628532214008,0.9830486487947429,0.0010334905507496989
1.978190162787996e-07,2.265527097156106e-05,0.027572254201122193,0.9697716162283774,0.0026332764805126366
6.686820096524215e-07,5.243555768863484e-05,0.036173344043732736,0.9595734802615978,0.004200071454971197
1.2294059152928583e-06,7.972039842585321e-05,0.04138496165412009,0.9532313888956945,0.0053026996458443105
3.767874900972856e-12,1.2331539456233997e-08,0.002305218146905319,0.9976543885342306,4.038098355676438e-05
1e-12,1.5225820604314322e-10,0.0005337048993817595,0.9994627802579585,3.5146903947827153e-06
1.2210721322958307e-10,1.3695802436597404e-07,0.005129555356934157,0.9947164420575594,0.00015386550537483575
1.6613318276625932e-08,4.096402041131597e-06,0.01576537274323664,0.9832132686085024,0.0010172456329014666
1.937822433628611e-07,2.2335435153841843e-05,0.027445193467021678,0.9699197452843992,0.002612532031181944
6.618241522593493e-07,5.206478916530699e-05,0.036090754693769767,0.9596729976057411,0.004183521087171521
0.5,1e-12,1e-12,1e-12,0.5
0.0015011822567370103,0.009485760373856178,0.17143858117576316,0.7417162961724001,0.07585818002124355
5.829126566114784e-05,0.00111121899939437,0.09417995463405393,0.8816731651908649,0.022977369910025615
2.5946134130094833e-11,4.688569177346835e-08,0.0035935556697822557,0.9963215863768563,8.481104172358075e-05
7.658114697939311e-09,2.398444224893659e-06,0.013220415649965567,0.9860217726149653,0.0007554056327295276
1e-12,2.12628425977357e-09,0.001284305993552337,0.9987004850394954,1.5206840370677114e-05
1e-12,6.321987378044014e-11,0.00039821302739473374,0.9995996300926481,2.1568167355590406e-06
6.472089530973335e-11,8.826514208415404e-08,0.004433676870780667,0.9954456983110987,0.00012053648825760123
1.209505973154279e-08,3.2895257631171404e-06,0.014668733294414538,0.9844275184008718,0.0009004466838907789
1e-12,2.4907127471607282e-09,0.0013537562524695845,0.9986296374067296,1.6603849714321586e-05
1e-12,6.842371114146317e-11,0.00040884808075780654,0.9995888981388568,2.253711959757957e-06
6.852585165972869e-11,9.182485727343703e-08,0.004492248946143529,0.9953844451836821,0.00012321397679130027
1.2445530050975151e-08,3.3551157648803454e-06,0.014764268921679258,0.9843219787448924,0.0009103847721334643
1.6772295163836048e-07,2.0217922369170083e-05,0.0265709198918469,0.9709369744043229,0.0024717200585093746
6.157180495458547e-07,4.953991395229007e-05,0.03551726487641693,0.9603631839394343,0.004069395552146912
1.1797131800328486e-06,7.749069599927161e-05,0.04101044338621951,0.953691235911503,0.005219650293098275
3.6910474676687954e-12,1.2156692652531831e-08,0.0022942949153335057,0.9976656310659084,4.006185837436706e-05
1e-12,1.51174850415714e-10,0.0005324366708313599,0.9994640624037,3.500774287400365e-06
1.2147904904225015e-10,1.364700730199786e-07,0.00512348545405461,0.9947228173138459,0.00015356064054734492
1.6570532057613718e-08,4.089108531002417e-06,0.01575614641927625,0.9832235096696617,0.0010162382319990099
1.9353254787635166e-07,2.231558381327048e-05,0.027437266255419646,0.969928984476049,0.0026112401521701514
6.613976226699236e-07,5.2041689265980295e-05,0.03608559574676029,0.959679212938837,0.004182488227514082
0.5,1e-12,1e-12,1e-12,0.5
0.0015011822567370103,0.009485760373856178,0.17143858117576316,0.7417162961724001,0.07585818002124355
1.317650433207973e-10,1.4436623874125587e-07,0.005219981195554557,0.9946214380873392,0.00015843621910252592
1e-12,5.211022724438408e-10,0.0008040854144878429,0.9991889518081206,6.9622562501383685e-06
2.9693736358638034e-10,2.5330492936515014e-07,0.0062896485350257825,0.9934935538132124,0.00021654404989510326
1e-12,6.903413396486258e-10,0.0008830451573845766,0.9991088144595905,8.139692624947503e-06
1e-12,3.6021630123173054e-11,0.0003301526890753248,0.9996682693131562,1.5779617459211416e-06
1e-12,1e-12,1.0051159556767608e-05,0.9999899441591305,4.681311624294975e-09
1e-12,1e-12,1.7534802976282293e-06,0.9999982462647243,2.5497802517826474e-10
1e-12,1e-12,7.323891363375523e-07,0.9999992675513564,5.95073146844704e-11
1e-12,6.962874721239132e-12,0.00019091781031510546,0.9998084489713635,6.332113585878426e-07
1.3155254663388405e-11,2.9300426973577487e-08,0.0030738438723252326,0.9968608122677953,6.531454629722221e-05
1e-12,2.3471224963600434e-10,0.0006164790668398146,0.9993790506875065,4.470010928908021e-06
1e-12,2.100364326906856e-11,0.00027583422169163985,0.9997229964029396,1.1693543646605582e-06
2.920219621671549e-11,5.088357568627799e-08,0.0036925775712343123,0.996218615342243,8.875617374479267e-05
8.124452777202862e-09,2.4984877555755958e-06,0.01339949430680687,0.9858252355497138,0.0007727635312709915
1.355135962333165e-07,1.7452278072149774e-05,0.02532920985647935,0.9723756691094115,0.0022775332424406847
1.2509993041476264e-12,5.748300502261827e-09,0.0017882679552118086,0.9981853017576636,2.64245375730744e-05
1.6815524528368542e-09,8.406662564963696e-07,0.009354972819005103,0.9902224009175934,0.00042178391559260104
6.165112997891242e-08,1.0134031577790914e-05,0.02121362835470486,0.977092848011275,0.0016833279513122647
3.7329849555955974e-07,3.509740453044863e-05,0.03177632520512175,0.96482887457129,0.0033593295205623023
9.185729867855486e-07,6.524039143374072e-05,0.038807288100110804,0.9563835212865003,0.004743031648968352
0.5,1e-12,1e-12,1e-12,0.5
0.0015011822567370103,0.009485760373856178,0.17143858117576316,0.7417162961724001,0.07585818002124355
5.829126566114784e-05,0.00111121899939437,0.09417995463405393,0.8816731651908649,0.022977369910025615
2.5946134130094833e-11,4.688569177346835e-08,0.0035935556697822557,0.9963215863768563,8.481104172358075e-05
7.658114697939311e-09,2.398444224893659e-06,0.013220415649965567,0.9860217726149653,0.0007554056327295276
1e-12,2.12628425977357e-09,0.001284305993552337,0.9987004850394954,1.5206840370677114e-05
8.198701717532231e-10,5.114698500285897e-07,0.007937481811687186,0.9917420076545187,0.00031999824407395836
4.304853906678119e-08,7.9080898085504e-06,0.01956072441696477,0.978964866041603,0.001466458403084568
3.119356060121703e-07,3.101209279088302e-05,0.03052853882973583,0.9663043012645842,0.0031358358772830336
1.8980372828991676e-12,7.671188462232692e-09,0.001968487184588863,0.998000485514404,3.101962792064577e-05
2.0712425108371235e-09,9.710332090628881e-07,0.009811326972129941,0.9897307271587277,0.00045697276469079586
6.842287336716879e-08,1.0890049399914226e-05,0.021718255109807405,0.9765187358623072,0.0017520505556120846
3.9326596812383485e-07,3.638034241182364e-05,0.032147478655272455,0.9643886462040802,0.003427101532267399
9.428198693983703e-07,6.642022103398038e-05,0.03903134647412576,0.9561107200833971,0.004790570401573762
1.4598216547812015e-06,8.971201512286697e-05,0.042979340517107945,0.9512666535263916,0.005662834119722762
1.8164995579939003e-06,0.00010425016589055147,0.04509217476356964,0.9486452867922897,0.006156471778692184
2.026296668122818e-06,0.00011237676179443046,0.0461849088662345,0.9472815906064275,0.0064190974688754605
4.837463762896732e-12,1.4659692570972993e-08,0.002441696749346578,0.9975138349339867,4.445365213671406e-05
3.306668494573728e-09,1.3419598238195718e-06,0.010917289097688854,0.9885343628394828,0.0005470027963359952
8.645321603051315e-08,1.2798228363863906e-05,0.022893812015367443,0.975176647231402,0.0019166560716507319
4.420549633010751e-07,3.943262007488624e-05,0.03299570898124626,0.9633802093064318,0.003584207037283836
9.995940561946526e-07,6.914619480435924e-05,0.039538698863926136,0.9554921580259399,0.00489899732127342
