P1,P2,P3,P4,P5
0.5,1e-12,1e-12,1e-12,0.5
0.0015011822567370103,0.009485760373856178,0.17143858117576316,0.7417162961724001,0.07585818002124355
5.829126566114784e-05,0.00111121899939437,0.09417995463405393,0.8816731651908649,0.022977369910025615
1.1478768127015648e-05,0.0003685057466249475,0.06716670662487711,0.920021658007185,0.01243165085318582
5.09370500334505e-06,0.00021145034489178371,0.056435881258078746,0.9342219373028456,0.00912563738918052
3.3931448129020936e-06,0.00016007155764119485,0.05168200194732586,0.9403386445609314,0.007815888789288626
2.7694058111205067e-06,0.00013925423441896179,0.04944699934380159,0.9431782132124893,0.007232763803479049
2.5019503205880866e-06,0.00012987991527690923,0.04836362137835937,0.9445463879486667,0.006957608807376378
2.378070464992277e-06,0.00012543118880059545,0.04783029454863419,0.9452179414053233,0.006823954786776902
2.3184500128614616e-06,0.00012326407252150062,0.04756570070106414,0.9455506296699234,0.0067580871064780975
2.2892026776411e-06,0.000122194540310816,0.04743391855555412,0.9457162072487917,0.00672539045266574
2.274717660677439e-06,0.00012166324553064545,0.04736815585118337,0.9457988050911994,0.006709101094425943
2.2675095587842975e-06,0.00012139846161229872,0.047335306550353784,0.9458400563618151,0.0067009711166599924
2.263914077649254e-06,0.00012126628497866054,0.047318889907686956,0.9458606700952318,0.006696909798024954
1e-12,1e-12,3.059582444064901e-07,0.9999996940278634,1.3892182775663548e-11
1e-12,1.88005166990024e-12,0.00012340587033998762,0.9998762881788725,3.059489074482387e-07
5.1101345377446705e-12,1.5226961025405217e-08,0.002472720834970077,0.9974818626006989,4.540133225981777e-05
1e-12,1e-12,2.7536321325571933e-05,0.9999724385677048,2.5110948815311546e-08
1e-12,1.6050851758819817e-09,0.00116952202817866,0.9988174689899812,1.3007376556901957e-05
6.691751597287521e-10,4.444235173206579e-07,0.007576839204082919,0.9921267557680664,0.0002959599351581736
1e-12,1e-12,1.197933984231625e-07,0.9999998802036905,2.9110850593053875e-12
1e-12,1e-12,4.745051018772983e-10,0.9999999995254946,1e-12
0.5,1e-12,1e-12,1e-12,0.5
0.0015011822567370103,0.009485760373856178,0.17143858117576316,0.7417162961724001,0.07585818002124355
5.829126566114784e-05,0.00111121899939437,0.09417995463405393,0.8816731651908649,0.022977369910025615
1.1478768127015648e-05,0.0003685057466249475,0.06716670662487711,0.920021658007185,0.01243165085318582
5.09370500334505e-06,0.00021145034489178371,0.056435881258078746,0.9342219373028456,0.00912563738918052
3.3931448129020936e-06,0.00016007155764119485,0.05168200194732586,0.9403386445609314,0.007815888789288626
2.7694058111205067e-06,0.00013925423441896179,0.04944699934380159,0.9431782132124893,0.007232763803479049
2.5019503205880866e-06,0.00012987991527690923,0.04836362137835937,0.9445463879486667,0.006957608807376378
2.378070464992277e-06,0.00012543118880059545,0.04783029454863419,0.9452179414053233,0.006823954786776902
2.3184500128614616e-06,0.00012326407252150062,0.04756570070106414,0.9455506296699234,0.0067580871064780975
2.2892026776411e-06,0.000122194540310816,0.04743391855555412,0.9457162072487917,0.00672539045266574
2.274717660677439e-06,0.00012166324553064545,0.04736815585118337,0.9457988050911994,0.006709101094425943
2.2675095587842975e-06,0.00012139846161229872,0.047335306550353784,0.9458400563618151,0.0067009711166599924
2.263914077649254e-06,0.00012126628497866054,0.047318889907686956,0.9458606700952318,0.006696909798024954
1e-12,1.88049575911009e-12,0.00012341716760722043,0.9998762768349172,3.0599559509427426e-07
1e-12,1e-12,6.144737140223455e-06,0.9999938532013914,2.0614681492686153e-09
1e-12,1.6920531642483638e-10,0.0005528037584990875,0.9994434691486739,3.726923613986853e-06
1.3177814395248788e-10,1.4437614792583986e-07,0.005220100042477083,0.9946213131874746,0.00015844226212230133
1e-12,1e-12,9.931306987898125e-08,0.9999999006848003,2.129825793766997e-12
1e-12,1e-12,7.03122446218396e-05,0.9999295679608324,1.1979419801254117e-07
1e-12,1e-12,1.1496224527896004e-08,0.999999988503717,1e-12
1e-12,1e-12,2.3923543651327428e-05,0.9999760565926497,1.9863685218930668e-08
0.5,1e-12,1e-12,1e-12,0.5
0.0015011822567370103,0.009485760373856178,0.17143858117576316,0.7417162961724001,0.07585818002124355
1.317650433207973e-10,1.4436623874125587e-07,0.005219981195554557,0.9946214380873392,0.00015843621910252592
1.725782772243889e-08,4.205575616977875e-06,0.015902168878370038,0.9830613772514304,0.0010322310367548194
1.9750534352436233e-07,2.2630491849251477e-05,0.027562454229597355,0.9697830437983253,0.0026316739748845795
6.681516501183538e-07,5.2406926576487045e-05,0.03616698078674807,0.9595811488635535,0.004198795271471868
1.228918272366819e-06,7.969865739299031e-05,0.04138134513574421,0.9532358324191883,0.005301894869402149
1.6666596125425315e-06,9.826365834308959e-05,0.04424865107744269,0.9496942648408521,0.005957153763749635
1.9409253948499128e-06,0.00010910354522875032,0.045751619685918454,0.9478229711725615,0.006314364670896371
1e-12,1.7830181775480014e-12,0.00012124474227082072,0.9998784581856897,2.9707025655222866e-07
1e-12,1e-12,1.5096708771977774e-08,0.999999984903199,1e-12
1e-12,1e-12,1.684479222774371e-10,0.9999999998315521,1e-12
1e-12,1e-12,2.8959418542084947e-06,0.999997103469774,5.88371767620116e-10
1e-12,5.474554143347632e-11,0.00037956738415279023,0.9996184414804886,1.9910806114720853e-06
5.833133975841065e-11,8.213858648797867e-08,0.004329051409675988,0.9955550531166965,0.00011581327670971646
1.1482517270344772e-08,3.173457316596462e-06,0.014496469523250899,0.984617703466229,0.0008826420706862738
1.6110326916951578e-07,1.9664094540683408e-05,0.026332003910018886,0.9712143446497912,0.002433826242380137
1e-12,1e-12,2.255426885255929e-07,0.9999997744489545,8.356955407024265e-12
1e-12,1e-12,6.510867400777443e-10,0.9999999993489128,1e-12
1e-12,1e-12,5.693446766374954e-06,0.9999943047378729,1.8153605532228628e-09
1e-12,1.5091172755887783e-10,0.0005321276926446572,0.9994643747691758,3.4973872612988375e-06
1.2132628235406173e-10,1.3635128159883436e-07,0.005122005540751706,0.9947243716384766,0.0001534863481638049
0.5,1e-12,1e-12,1e-12,0.5
0.0015011822567370103,0.009485760373856178,0.17143858117576316,0.7417162961724001,0.07585818002124355
1.317650433207973e-10,1.4436623874125587e-07,0.005219981195554557,0.9946214380873392,0.00015843621910252592
1.725782772243889e-08,4.205575616977875e-06,0.015902168878370038,0.9830613772514304,0.0010322310367548194
1e-12,1e-12,1.7429785792444363e-07,0.9999998256967034,5.4385969604618635e-12
1e-12,1e-12,5.723617135799941e-10,0.9999999994276378,1e-12
1e-12,1e-12,5.338155705025827e-06,0.999994660213788,1.6305067161552946e-09
1e-12,1.37008404621497e-10,0.0005152655472874246,0.9994814197727399,3.3145429585732693e-06
1.1314571501941373e-10,1.299209846372662e-07,0.005040573077715327,0.9948098759552746,0.00014942093287968487
1.5992085655724964e-08,3.989923547997876e-06,0.01562955740057903,0.9833639782239941,0.0010024584597932065
1e-12,1e-12,1.7277265562665178e-07,0.9999998272219849,5.359510672242297e-12
1e-12,1e-12,9.273753289973374e-05,0.9999070724345022,1.9003180030169173e-07
2.751354699626063e-12,9.919690291404493e-09,0.0021442328461306337,0.9978199754929022,3.5781738525526685e-05
2.4938247022987525e-09,1.1040882501589522e-06,0.010236357278385677,0.9892717536178701,0.000490782521669324
7.507905619430488e-08,1.1610811430862178e-05,0.022177621397643343,0.9759950695870208,0.0018156231248488022
1e-12,1e-12,2.0652321919278904e-07,0.999999793469565,7.2157524556796895e-12
1e-12,1e-12,6.23030071977837e-10,0.9999999993769695,1e-12
1e-12,1e-12,5.569424864515504e-06,0.9999944288252028,1.7499324295924393e-09
1e-12,1e-12,1.3052605223329294e-06,0.9999986945835836,1.5589407745200285e-10
1e-12,1.6565859795036886e-11,0.0002548569238091103,0.9997441181674946,1.0248921301298128e-06
2.4601876091878694e-11,4.5190712505416286e-08,0.0035498653243785094,0.9963669959687185,8.309349158868099e-05
7.4570986052791e-09,2.3547425077596884e-06,0.01314060567587183,0.9861093095537542,0.0007477225707676039
0.5,1e-12,1e-12,1e-12,0.5
0.0015011822567370103,0.009485760373856178,0.17143858117576316,0.7417162961724001,0.07585818002124355
1e-12,1e-12,6.475947983419772e-07,0.999999352356728,4.847368706035286e-11
1e-12,5.789368984210341e-12,0.00017952796355735767,0.9998199005302062,5.715004470337245e-07
1.1513456854572723e-11,2.6717932755104812e-08,0.002981006000408626,0.9969569167741221,6.205049602300743e-05
5.101404187968228e-09,1.8111209996174438e-06,0.012051963293832735,0.9873000171930437,0.000646203290719727
1.0738180233893502e-07,1.4863701890188707e-05,0.024038581810733595,0.9738634763225281,0.0020829707830458
4.926642187541574e-07,4.2489277828350325e-05,0.03380105339844541,0.962419744076096,0.0037362205834114964
1.0552637679239751e-06,7.177226147858651e-05,0.04001453084581874,0.9549109693790057,0.005001672249929073
1.5444218584015346e-06,9.325315808295098e-05,0.0435147299856844,0.9506043177258198,0.005786154708554454
1e-12,1e-12,2.9275035995368626e-07,0.9999997072367329,1.2907117822895132e-11
1e-12,1.7597034940308731e-12,0.00012071316167461266,0.9998789919341674,2.9490239827596264e-07
4.871658632055187e-12,1.4731325270744833e-08,0.002445658121420724,0.9975097529325948,4.457420978750329e-05
3.31833160949202e-09,1.345231366522981e-06,0.010926064158982118,0.9885248436384282,0.0005477436528916002
8.660554939865506e-08,1.2813789196930436e-05,0.02290289108575927,0.9751662567136802,0.0019179518058142723
4.424442495709613e-07,3.945653676717953e-05,0.03300217420703444,0.9633725104716894,0.0035854163402594553
1.000034094644775e-06,6.916712987015128e-05,0.039542541250482954,0.9554874689692895,0.004899822616262736
1.5034633136234987e-06,9.154658807164484e-05,0.04325850812993881,0.9509214544664315,0.0057269873522443745
1.843451903460469e-06,0.00010531015831538593,0.04523799532051331,0.9484636215184422,0.006191229550825647
2.0412739204500596e-06,0.00011294647269766145,0.04625942233912561,0.9471884023427769,0.006437187571479429
2.148008628188869e-06,0.00011696901929736381,0.04677822288546929,0.946538877279069,0.006563782807536133
2.2034509528090496e-06,0.00011903348940855984,0.04703966584635455,0.9462110924141734,0.006628004799110655
0.5,1e-12,1e-12,1e-12,0.5
1e-12,1e-12,1.3709572069808829e-06,0.9999986288736032,1.6918979223288784e-10
1e-12,1.783218017692434e-11,0.0002611903012632588,0.9997377419780343,1.067702870044147e-06
2.5946134130094833e-11,4.688569177346835e-08,0.0035935556697822557,0.9963215863768563,8.481104172358075e-05
1e-12,1e-12,8.233248582900643e-08,0.999999917665956,1.5581841173676195e-12
1e-12,1e-12,3.933779968434692e-10,0.9999999996066218,1e-12
1e-12,1e-12,2.719136027451441e-11,0.9999999999728086,1e-12
1e-12,1e-12,7.148948100166308e-12,0.999999999992851,1e-12
1e-12,1e-12,3.665512338102417e-12,0.9999999999963345,1e-12
1e-12,1e-12,2.624789274818795e-12,0.9999999999973752,1e-12
1e-12,1e-12,2.221112183065088e-12,0.9999999999977789,1e-12
1e-12,1e-12,2.043254454520138e-12,0.9999999999979567,1e-12
1e-12,1e-12,1.9597656830683263e-12,0.9999999999980402,1e-12
1e-12,1e-12,1.9191315203670456e-12,0.9999999999980809,1e-12
1e-12,1e-12,3.091116503872726e-07,0.999999690874218,1.413163830949657e-11
1e-12,1.909139513145419e-12,0.000124040112429058,0.9998756513112442,3.085744175675757e-07
5.1672000012104036e-12,1.5344496784308603e-08,0.0024790519154883617,0.9974753370210656,4.559571378200554e-05
1e-12,1.6984547102083525e-10,0.0005534997079146287,0.9994427653710418,3.7347511902920027e-06
1.3213807825707136e-10,1.4464891628929166e-07,0.005223369387736154,0.9946178772957037,0.0001586085355058058
1.728223619767988e-08,4.209685128264695e-06,0.015907271003569923,0.9830557103044759,0.0010327917245896473
1.9764496439478307e-07,2.2641522959276905e-05,0.027566817862969106,0.9697779554985967,0.0026323874705105215
6.68387773794521e-07,5.241967444258311e-05,0.03616981429251498,0.9595777341210281,0.004199363524240507
