P1,P2,P3,P4,P5
0.5,1e-12,1e-12,1e-12,0.5
3.3982678893096363e-09,1.3675589390915732e-06,0.010985571673386207,0.9884602787324832,0.0005527786369235996
8.764247449999374e-08,1.2919485992024526e-05,0.02296436278155911,0.9750958954266469,0.0019267346633274757
4.4508505192553116e-07,3.9618607177160925e-05,0.03304591469647511,0.9633204190298758,0.00359360258142009
1.0030140882300032e-06,6.930882858091625e-05,0.039568527258300845,0.9554557551933079,0.004905405705722035
1.5057017254127558e-06,9.164022870034039e-05,0.04327265283348103,0.9509039547211011,0.005730246514992078
1e-12,1e-12,2.9189394823436743e-07,0.9999997080932075,1.2844248401360274e-11
1e-12,1.751931932858497e-12,0.0001205364865056735,0.9998791693284423,2.94183300092057e-07
4.856115509710435e-12,1.4698996908535378e-08,0.0024438719213289994,0.9975115935412898,4.451983352811612e-05
3.3130698184891116e-09,1.3437558827877893e-06,0.010922108339129877,0.9885291349702638,0.0005474096216537236
8.653685890092078e-08,1.2806773526330417e-05,0.02289879867632494,0.9751709403085258,0.0019173677047639847
4.4226875406394583e-07,3.944575562209174e-05,0.03299926015189136,0.9633759805717502,0.0035848712519822904
9.99835743531463e-07,6.915769356541368e-05,0.039540809426703794,0.9554895824087871,0.004899450635200088
1.5033142046760872e-06,9.154034875447081e-05,0.04325756530494507,0.9509226208918267,0.0057267701402690715
1.84336048714151e-06,0.00010530657136187394,0.045237503598555495,0.9484642342748847,0.006191112194710767
2.0412233067146346e-06,0.00011294454965982137,0.0462591712626822,0.9471887163872116,0.006437126577139647
2.1479819978242887e-06,0.00011696802366412129,0.04677809602595384,0.9465390362538935,0.0065637517144908
2.2034372938462e-06,0.00011903298283932884,0.047039602084084864,0.9462111723943094,0.006627989101472605
2.2316995442750454e-06,0.00012007903914557083,0.047170868659427656,0.9460464790163498,0.006660341585532718
2.2459663189255963e-06,0.00012060549592429748,0.047236630662618184,0.9459639412738641,0.006676576601274543
2.25313387169912e-06,0.00012086958581025709,0.04726954388424642,0.945922624552562,0.006684708843509549
2.2567262210060335e-06,0.0001210018466722973,0.04728600855521481,0.9459019542185456,0.006688778653346223
0.5,1e-12,1e-12,1e-12,0.5
0.0015011822567370103,0.009485760373856178,0.17143858117576316,0.7417162961724001,0.07585818002124355
1.317650433207973e-10,1.4436623874125587e-07,0.005219981195554557,0.9946214380873392,0.00015843621910252592
1.725782772243889e-08,4.205575616977875e-06,0.015902168878370038,0.9830613772514304,0.0010322310367548194
1.9750534352436233e-07,2.2630491849251477e-05,0.027562454229597355,0.9697830437983253,0.0026316739748845795
6.681516501183538e-07,5.2406926576487045e-05,0.03616698078674807,0.9595811488635535,0.004198795271471868
1.228918272366819e-06,7.969865739299031e-05,0.04138134513574421,0.9532358324191883,0.005301894869402149
1.6666596125425315e-06,9.826365834308959e-05,0.04424865107744269,0.9496942648408521,0.005957153763749635
1.9409253948499128e-06,0.00010910354522875032,0.045751619685918454,0.9478229711725615,0.006314364670896371
2.0945455077026054e-06,0.00011496223485629731,0.0465209832428235,0.9468610880573095,0.006500871919502981
4.9180659544845184e-12,1.4828737571193074e-08,0.002451024539154578,0.9975042228898283,4.4737737361431023e-05
1e-12,1e-12,6.795673401782665e-08,0.9999999320421343,1.1316728057881095e-12
1e-12,1e-12,3.5738856318801027e-10,0.9999999996426112,1e-12
1e-12,1e-12,2.591771242066443e-11,0.9999999999740823,1e-12
1e-12,1e-12,6.979528066608509e-12,0.9999999999930205,1e-12
1e-12,1e-12,3.6219915955371107e-12,0.999999999996378,1e-12
1e-12,1e-12,2.609024107869118e-12,0.999999999997391,1e-12
1e-12,1e-12,2.2144508449173372e-12,0.9999999999977855,1e-12
1e-12,1e-12,3.320423173081011e-07,0.999999667941761,1.5921695013623734e-11
1e-12,1e-12,7.899894072238567e-10,0.9999999992100099,1e-12
1e-12,1e-12,3.853317664948008e-11,0.9999999999614668,1e-12
1e-12,1e-12,8.510303572961675e-12,0.9999999999914897,1e-12
0.5,1e-12,1e-12,1e-12,0.5
1e-12,1.6918200174131925e-10,0.0005527784677338277,0.9994434947237922,3.726639284186561e-06
1.317650433207973e-10,1.4436623874125587e-07,0.005219981195554557,0.9946214380873392,0.00015843621910252592
1e-12,1e-12,4.006369216469352e-05,0.9999598893961329,4.691163801764229e-08
1e-12,1e-12,7.03118423214244e-05,0.9999295683642753,1.1979305557162662e-07
1.510347402700063e-12,6.548822373275698e-09,0.0018675594275605611,0.9981040242791606,2.840974294610978e-05
1.8476060681393847e-09,8.972485051605972e-07,0.009558500250980262,0.9900032662493903,0.00043733440351828275
6.46235096546377e-08,1.0468896185833465e-05,0.021440195655793914,0.9768352323453225,0.0017140384791880215
3.82191466696824e-07,3.5671373694867725e-05,0.031943506560030754,0.9646306566041829,0.003389783270624741
9.294500177281506e-07,6.577085196823873e-05,0.03890837023722549,0.9562604772684896,0.004764452192298918
1.449434051559173e-06,8.927281620596528e-05,0.04291192026712476,0.9513499677456644,0.005647389736953296
1.8100252204833467e-06,0.00010399480300538055,0.04505689100211363,0.9486892292716675,0.006148074897993005
2.02268239923864e-06,0.00011223908173163544,0.046166861978625406,0.9473041566558128,0.006414719601430954
2.1382044346207607e-06,0.00011660220322740056,0.0467314336341601,0.9465975065557024,0.006552319402475455
2.1984165770039255e-06,0.00011884671100514943,0.047016143071257566,0.946240596923808,0.006622214877352217
2.2291555368258997e-06,0.00011998505133736792,0.04715910708860005,0.9460612388570664,0.006657439847459373
5.073719222536965e-12,1.5151878196562052e-08,0.002468659373850657,0.9974860486586922,4.5276810505274195e-05
3.3864915316428323e-09,1.364279910154309e-06,0.010976873584220503,0.988469717251927,0.0005520414974508334
8.749048652223479e-08,1.290401781861572e-05,0.0229553881606277,0.9751061689969075,0.0019254513341596651
1.0051959264956167e-12,4.940475584191972e-09,0.001700377476752779,0.9982753254505531,2.429213121339636e-05
1e-12,1e-12,2.282571144762713e-05,0.9999771559207442,1.836779621618051e-08
1e-12,1e-12,2.642453515888654e-06,0.9999973570414188,5.050652702386064e-10
0.5,1e-12,1e-12,1e-12,0.5
0.0015011822567370103,0.009485760373856178,0.17143858117576316,0.7417162961724001,0.07585818002124355
1.317650433207973e-10,1.4436623874125587e-07,0.005219981195554557,0.9946214380873392,0.00015843621910252592
1e-12,1e-12,4.006369216469352e-05,0.9999598893961329,4.691163801764229e-08
1e-12,1e-12,3.500854414362209e-06,0.9999964983384263,8.071593553406995e-10
1e-12,7.276534930156231e-11,0.00041731568791014695,0.9995803521647965,2.332074525844782e-06
7.163936110998748e-11,9.469246975424284e-08,0.0045383369606862844,0.9953362307609481,0.000125337514256461
1.2725124176604652e-08,3.4070323624568744e-06,0.01483899747676165,0.9842393926691668,0.0009181900965849467
1.6959647142211765e-07,2.0373424367892135e-05,0.02663719666313935,0.9708599836083911,0.0024822767076302155
6.191473830297056e-07,4.9729705338785735e-05,0.03556106451022456,0.9603105241153902,0.004078062521663428
1.1829939104979204e-06,7.763880114042276e-05,0.04103555018385052,0.953660428708504,0.005225199312594528
3.696154493582071e-12,1.2168383078936529e-08,0.0022950285092127043,0.9976648760601367,4.008325857135607e-05
1e-12,1e-12,2.65261361073188e-05,0.9999734502694608,2.359441317130167e-08
1e-12,1.517577175036422e-09,0.0011478936387866456,0.9988394963582051,1.2608485248346577e-05
6.426208454257676e-10,4.321463601408837e-07,0.007506907431082399,0.9922012719400795,0.00029138783985719425
1e-12,9.018228386281635e-10,0.0009652380250930737,0.9990253185885081,9.442484489845841e-06
4.412690213229098e-10,3.331817662877157e-07,0.006887516470271748,0.9928599764019586,0.0002521735047344396
3.158184769258554e-08,6.3849467162313545e-06,0.01823694313645141,0.9804546658320846,0.0013019745029000738
2.6718035728290346e-07,2.7872170192733137e-05,0.029490475409426176,0.9675263498678366,0.0029550353721871816
7.771195795758246e-07,5.814961623784587e-05,0.037398057319799394,0.9580941294324793,0.004448886511903878
1e-12,1e-12,5.432026880081153e-06,0.9999945662945459,1.6785738319220082e-09
1e-12,1.4063816777820648e-10,0.0005197739391163969,0.9994768628761633,3.363044076375769e-06
0.5,1e-12,1e-12,1e-12,0.5
0.0015011822567370103,0.009485760373856178,0.17143858117576316,0.7417162961724001,0.07585818002124355
1.317650433207973e-10,1.4436623874125587e-07,0.005219981195554557,0.9946214380873392,0.00015843621910252592
1e-12,1e-12,4.006369216469352e-05,0.9999598893961329,4.691163801764229e-08
1e-12,1e-12,3.500854414362209e-06,0.9999964983384263,8.071593553406995e-10
1e-12,1e-12,5.1522354604927045e-08,0.999999948476932,1e-12
1e-12,1e-12,6.250371109572939e-09,0.9999999937496077,1e-12
1e-12,1e-12,1.0838707709126538e-10,0.9999999998916129,1e-12
1e-12,1e-12,2.8667956897265867e-10,0.9999999997133203,1e-12
1e-12,1e-12,3.777939121429874e-06,0.9999962211444591,9.164195098438832e-10
1e-12,1e-12,2.1592043767171276e-05,0.9999783912130199,1.6743202963707012e-08
1e-12,1e-12,1.2795564463541353e-07,0.9999998720411063,3.2491206716874924e-12
1e-12,1e-12,4.904043837683503e-10,0.9999999995095953,1e-12
1e-12,1e-12,3.0359936786794606e-11,0.9999999999696401,1e-12
1e-12,1e-12,7.553957459549565e-12,0.999999999992446,1e-12
1e-12,1e-12,3.768096945577781e-12,0.9999999999962319,1e-12
1e-12,1e-12,4.331259075840421e-07,0.9999995668492978,2.4794608204945603e-11
1e-12,3.1665781108358715e-12,0.00014682556225342758,0.9998527656991896,4.0873539041980064e-07
1e-12,2.439604074311319e-12,0.0001346012487841719,0.9998650451486248,3.536001514177314e-07
1e-12,2.141398169897002e-12,0.00012887617240975313,0.9998707949378176,3.288876311853934e-07
1e-12,1e-12,6.279180448154342e-06,0.9999937186823632,2.13718844337109e-09
1e-12,1.7478885006028122e-10,0.000558815222959641,0.9994373898488657,3.7947533778345035e-06
0.5,1e-12,1e-12,1e-12,0.5
1e-12,1.6918200174131925e-10,0.0005527784677338277,0.9994434947237922,3.726639284186561e-06
1e-12,1e-12,3.2241866398941e-08,0.999999967757807,1e-12
1e-12,1e-12,2.4616975125013596e-10,0.9999999997538301,1e-12
1e-12,1e-12,2.1510127012902558e-11,0.9999999999784899,1e-12
1e-12,1e-12,6.3584693066331965e-12,0.9999999999936415,1e-12
1e-12,1e-12,3.4570124540778124e-12,0.999999999996543,1e-12
1e-12,1e-12,2.5490720645393594e-12,0.9999999999974509,1e-12
1e-12,1e-12,2.1889157153509586e-12,0.9999999999978111,1e-12
1e-12,1e-12,2.028377465990161e-12,0.9999999999979716,1e-12
1e-12,1e-12,1.9524382111058003e-12,0.9999999999980476,1e-12
1e-12,1e-12,1.915578806688245e-12,0.9999999999980844,1e-12
1e-12,1e-12,1.8975931936893176e-12,0.9999999999981024,1e-12
1e-12,1e-12,1.8884893648873913e-12,0.9999999999981115,1e-12
1e-12,1e-12,1.8840484727888906e-12,0.999999999998116,1e-12
1e-12,1e-12,3.0626652403054067e-07,0.9999996937195604,1.39155199230229e-11
1e-12,1e-12,6.147832021574651e-06,0.9999938501047793,2.063198928347948e-09
1e-12,1.693332141172732e-10,0.0005529428783808132,0.9994433284644625,3.7284878157007177e-06
1.318500864044836e-10,1.4443066032043816e-07,0.0052207537486613775,0.9946206261859776,0.0001584755028506714
1.7263391494104496e-08,4.2065125208656795e-06,0.015903332379380353,0.9830600849585523,0.0010323588861549035
1.9753717828141504e-07,2.2633007244032832e-05,0.02756344938537114,0.9697818833852299,0.002631836684976689
6.682054953799366e-07,5.240983371257446e-05,0.036167627006234104,0.9595803700883181,0.004198924866239807
