P1,P2,P3,P4,P5
0.5,1e-12,1e-12,1e-12,0.5
3.3982678893096363e-09,1.3675589390915732e-06,0.010985571673386207,0.9884602787324832,0.0005527786369235996
1e-12,1e-12,1.4449800378457667e-07,0.9999998554980173,3.978962535821408e-12
1e-12,1e-12,8.481104111335291e-05,0.9999150252205902,1.63737686249047e-07
2.2670754162845697e-12,8.675513751832398e-09,0.002050734862136583,0.9979160422651346,3.321419494792514e-05
2.2637343111142627e-09,1.0325894059803886e-06,0.010012535770032915,0.9895135749423065,0.0004728544345203107
7.15317041155572e-08,1.1229276629332041e-05,0.0219369529065343,0.9762695499627658,0.0017821963223663923
4.0210085283653996e-07,3.694146811006327e-05,0.03230698881219418,0.9641992579507775,0.003456409668065429
9.533514644388674e-07,6.692970199873027e-05,0.03912725014983509,0.9559938837641004,0.004810983032601249
1.4679523420157992e-06,9.00551024717311e-05,0.0430318476605569,0.9512017538388183,0.005674875445811069
1.8215511601304968e-06,0.000104449213313762,0.04511963566580479,0.9486110830051216,0.006163010564599643
2.0291122307947163e-06,0.00011248396259389004,0.04619894991520768,0.9472640324809151,0.006422504529052567
2.141600267679955e-06,0.00011672931567252576,0.04674765907550249,0.9465771763950369,0.006556293613520381
2.2001616143407787e-06,0.00011891146825304677,0.04702430148321546,0.9462303641507608,0.006624222736156336
2.230040079931328e-06,0.00012001773443470753,0.047163197757871256,0.9460561054624109,0.006658449005203173
2.245131127232014e-06,0.0001205747057962947,0.047232790052836426,0.9459687621572167,0.006675627953023326
2.2527149040607597e-06,0.00012085415618789952,0.047267622288513556,0.9459250369116188,0.006684233928775735
2.256516393517316e-06,0.00012099412320687453,0.04728504743450179,0.9459031608777065,0.006688541048191251
2.2584195430441767e-06,0.00012106416725332636,0.0472937622652958,0.9458922195063633,0.006690695641544552
2.25937171971502e-06,0.000121099204420827,0.04729812024523816,0.9458867479818935,0.006691773196727732
2.2598479586521947e-06,0.00012111672679193664,0.04730029937635771,0.9458840120099339,0.0066923120389578514
2.2600861157018315e-06,0.00012112548892451169,0.04730138897720593,0.9458826439715198,0.006692581476234031
0.5,1e-12,1e-12,1e-12,0.5
1e-12,1.6918200174131925e-10,0.0005527784677338277,0.9994434947237922,3.726639284186561e-06
1.317650433207973e-10,1.4436623874125587e-07,0.005219981195554557,0.9946214380873392,0.00015843621910252592
1.725782772243889e-08,4.205575616977875e-06,0.015902168878370038,0.9830613772514304,0.0010322310367548194
1e-12,1e-12,1.7429785792444363e-07,0.9999998256967034,5.4385969604618635e-12
1e-12,1e-12,2.3090713252571504e-07,0.9999997690841766,8.690853196905137e-12
1e-12,1e-12,6.587843603966803e-10,0.9999999993412152,1e-12
1e-12,1e-12,5.727002849176266e-06,0.9999942711639226,1.8332279775226044e-09
1e-12,1.5224776994671174e-10,0.0005336926905120665,0.9994627926009105,3.5145563230127765e-06
1e-12,1e-12,3.168006690312808e-08,0.9999999683196159,1e-12
1e-12,1e-12,2.440154744931533e-10,0.9999999997559844,1e-12
1e-12,1e-12,2.141575805580942e-11,0.9999999999785842,1e-12
1e-12,1e-12,6.3444804965229196e-12,0.9999999999936555,1e-12
1e-12,1e-12,3.453237695794087e-12,0.9999999999965468,1e-12
1e-12,1e-12,2.547517752304884e-12,0.9999999999974525,1e-12
1e-12,1e-12,2.1882495815361835e-12,0.9999999999978118,1e-12
1e-12,1e-12,2.027933376780311e-12,0.9999999999979721,1e-12
1e-12,1e-12,1.9524382111058003e-12,0.9999999999980476,1e-12
1e-12,1e-12,1.915578806688245e-12,0.9999999999980844,1e-12
1e-12,1e-12,1.8973711490843925e-12,0.9999999999981026,1e-12
1e-12,1e-12,1.8884893648873913e-12,0.9999999999981115,1e-12
1e-12,1e-12,1.8840484727888906e-12,0.999999999998116,1e-12
0.5,1e-12,1e-12,1e-12,0.5
1e-12,1.6918200174131925e-10,0.0005527784677338277,0.9994434947237922,3.726639284186561e-06
1.317650433207973e-10,1.4436623874125587e-07,0.005219981195554557,0.9946214380873392,0.00015843621910252592
1.725782772243889e-08,4.205575616977875e-06,0.015902168878370038,0.9830613772514304,0.0010322310367548194
1e-12,1e-12,7.03118423214244e-05,0.9999295683642753,1.1979305557162662e-07
1e-12,1e-12,4.637873297297368e-06,0.9999953608368657,1.289836976596949e-09
1e-12,1e-12,2.952466271466392e-09,0.9999999970475276,1e-12
1e-12,1e-12,7.44933004170889e-11,0.9999999999255067,1e-12
1e-12,1e-12,1.1832756996454918e-11,0.9999999999881672,1e-12
1e-12,1e-12,7.675371977988732e-07,0.9999992323984594,6.434274860259937e-11
1e-12,7.470024598887903e-12,0.00019544441050012296,0.9998038971464149,6.584356149040841e-07
1.3840484314187051e-11,3.0348626722798144e-08,0.0031099639808062074,0.9968234029822316,6.660267449493943e-05
5.593229435163494e-09,1.9301267222271434e-06,0.012307422056251682,0.987021168945698,0.0006694732780986735
1.1243904274316208e-07,1.5343300930670267e-05,0.02428866837153243,0.97357578674931,0.002120089139184182
1e-12,1e-12,2.1637503588856077e-07,0.9999997836171656,7.798517983886236e-12
1e-12,1.1182166304024577e-12,0.0001037807541103275,0.9998959900156792,2.292290923009309e-07
3.510969293074595e-12,1.174323782660025e-08,0.0022680407678654646,0.9976926484722467,3.929901313899852e-05
2.817112543240796e-09,1.201201358935755e-06,0.010525249538858805,0.9889592189679763,0.0005143274746933292
7.979725091811218e-08,1.2109716281849536e-05,0.022484340245513046,0.9756448638020027,0.0018586064389515536
4.246974617538868e-07,3.835941176477675e-05,0.032702779424235606,0.9637288332875764,0.003529603178961418
9.797727739124795e-07,6.820015728103979e-05,0.03936421822761238,0.9557050152412395,0.004861586601093172
1.4881548279221946e-06,9.090499768960036e-05,0.04316132261389083,0.9510416673118145,0.00570461692177714
0.5,1e-12,1e-12,1e-12,0.5
1e-12,1.6918200174131925e-10,0.0005527784677338277,0.9994434947237922,3.726639284186561e-06
1e-12,1.783218017692434e-11,0.0002611903012632588,0.9997377419780343,1.067702870044147e-06
1e-12,1e-12,8.939696304222089e-06,0.9999910564529532,3.850741907939403e-09
1e-12,1e-12,4.099093509069007e-09,0.9999999959008959,1e-12
1e-12,1e-12,8.77744543714698e-11,0.9999999999122255,1e-12
1e-12,1e-12,2.0904585995573655e-06,0.9999979091996277,3.4177277497294686e-10
1e-12,3.357603084452876e-11,0.0003225071784100919,0.9996759752769407,1.5175110724799553e-06
4.097877592812438e-11,6.433058785670909e-08,0.003991663997847117,0.9959071634847645,0.00010110814582171829
9.624206653846556e-09,2.808892805572505e-06,0.013926040527300287,0.9852463944311433,0.0008247465245442326
1.4749193577578978e-07,1.850245816159557e-05,0.025815537643000486,0.9718130384354754,0.0023527739714267596
5.773907031381142e-07,4.739560989264202e-05,0.035014179970311865,0.9609674162343128,0.003970430794779547
1.1424057760889283e-06,7.579725635364909e-05,0.040720979138088365,0.9540462161837515,0.005155865016030424
1.6069250206030006e-06,9.583017691006113e-05,0.04389553569878446,0.9501324283842525,0.005874598815032395
1.905825771197911e-06,0.00010774465660901011,0.04556907677664679,0.9480507967460889,0.006270475994884036
2.0755202633226943e-06,0.00011424421266725826,0.04642818344808586,0.9469772523193942,0.006478244499589343
2.1659521924899394e-06,0.00011763899604755323,0.04686341842887487,0.9464320973596093,0.0065846792632757835
2.21263516519965e-06,0.00011937388210059297,0.04708246860703147,0.9461573986310509,0.006638546244651836
2.236352616868942e-06,0.00012025085832279014,0.0471923534070674,0.9460195157284045,0.006665643653588511
2.2483065091893906e-06,0.0001206917499529947,0.04724738592747291,0.9459504404872657,0.0066792335287991726
2.2543073951997172e-06,0.00012091279919268505,0.04727492474187023,0.9459158693684673,0.006686038783074624
2.2573138418469085e-06,0.00012102347498776922,0.04728869979063077,0.9458985754281563,0.006689443992383401
0.5,1e-12,1e-12,1e-12,0.5
1e-12,1.6918200174131925e-10,0.0005527784677338277,0.9994434947237922,3.726639284186561e-06
1e-12,1e-12,3.2241866398941e-08,0.999999967757807,1e-12
1e-12,1e-12,4.006369216469352e-05,0.9999598893961329,4.691163801764229e-08
1e-12,1e-12,3.500854414362209e-06,0.9999964983384263,8.071593553406995e-10
1e-12,7.276534930156231e-11,0.00041731568791014695,0.9995803521647965,2.332074525844782e-06
7.163936110998748e-11,9.469246975424284e-08,0.0045383369606862844,0.9953362307609481,0.000125337514256461
1.2725124176604652e-08,3.4070323624568744e-06,0.01483899747676165,0.9842393926691668,0.0009181900965849467
1.6959647142211765e-07,2.0373424367892135e-05,0.02663719666313935,0.9708599836083911,0.0024822767076302155
6.191473830297056e-07,4.9729705338785735e-05,0.03556106451022456,0.9603105241153902,0.004078062521663428
1e-12,1e-12,2.6344681602896713e-07,0.9999997365423574,1.0826509159217617e-11
1e-12,1.5021317523178368e-12,0.000114513073322553,0.9998852168355504,2.700896249312078e-07
4.345634962987788e-12,1.3611105575961346e-08,0.002382168063843726,0.9975751604397131,4.2657880992006454e-05
3.1340723349870814e-09,1.293120474588072e-06,0.01078454299399012,0.9886783148412738,0.000535845910189166
8.416670738142784e-08,1.2563626796247007e-05,0.02275601225558499,0.9753343043137294,0.0018970356371819763
4.3617007450258427e-07,3.907026146332537e-05,0.03289742374560489,0.9634972247292214,0.003565845093635842
9.929181830070632e-07,6.882823026221896e-05,0.03948024098469305,0.9555634888803793,0.004886448986482397
1.4981046930762076e-06,9.13222394293145e-05,0.04322457865182261,0.9509634281248203,0.005719172879234687
1.840163770694403e-06,0.00010518110464219355,0.045220296497973655,0.9484856761105055,0.006187006123107947
2.039452616120485e-06,0.00011287726388020669,0.04625038439339613,0.9471997067531549,0.006434992136952604
2.1470501456732904e-06,0.0001169331818202668,0.046773656146254616,0.9465446000717007,0.006562663550078752
2.2029592869898806e-06,0.00011901525426138981,0.04703737045571543,0.9462139716233301,0.006627439707406065
0.5,1e-12,1e-12,1e-12,0.5
1e-12,1e-12,2.753569109381626e-05,0.9999724391988943,2.5109990926928157e-08
1e-12,1e-12,7.194133067045527e-09,0.9999999928058402,1e-12
1e-12,1e-12,1.1628231710858472e-10,0.9999999998837177,1e-12
1e-12,1e-12,1.4783729795908584e-11,0.9999999999852163,1e-12
1e-12,1e-12,8.579235379890804e-07,0.9999991419990013,7.746073136252939e-11
1e-12,8.827605313399545e-12,0.00020662981605623632,0.9997926477309672,7.224441489462108e-07
1.5614620707538052e-11,3.299084538888053e-08,0.003197453930786298,0.996732748353012,6.976470974169522e-05
5.940893776923417e-09,2.0123020231244126e-06,0.012477681502410909,0.9868351289397216,0.0006851713149506406
1.1588086012981336e-07,1.5665868223768697e-05,0.024453887889632542,0.9733855651549478,0.002144765206335732
5.117896816342338e-07,4.3618487937990835e-05,0.034088475685497444,0.962076249857987,0.0037911441788959646
1.0755516590688075e-06,7.271838764999483e-05,0.040183009778762546,0.9547049414525652,0.005038254829363131
1.5591972540862642e-06,9.386527334709349e-05,0.04360583802700846,0.9504914776945423,0.005807259807847996
1.877309688813611e-06,0.00010663482431672033,0.045418797238207964,0.9482382417597233,0.0062344488680632455
2.059934168685551e-06,0.000113654434716004,0.04635165386140305,0.9470730204568901,0.00645961131282217
2.157804271818442e-06,0.00011733498733457193,0.04682480213037077,0.9464805012367431,0.006575203841279767
2.208469477182895e-06,0.0001192195454777778,0.04706307207319571,0.9461817315850581,0.00663376832679115
2.2342464550684227e-06,0.00012017310028755723,0.04718263298034975,0.9460317150930224,0.006663244579885193
2.247247549824749e-06,0.00012065272266525984,0.04724252016620001,0.9459565484082502,0.00667803145533474
2.25377643969793e-06,0.00012089324837594173,0.04727249047325932,0.9459189253907281,0.00668543711119693
2.2570479943917476e-06,0.00012101369027284203,0.04728748230920732,0.9459001039549915,0.006689142997534003
2.25868555214781e-06,0.00012107395603344617,0.04729497989827136,0.9458906907543546,0.006690996705788465
