P1,P2,P3,P4,P5
0.5,1e-12,1e-12,1e-12,0.5
3.3982678893096363e-09,1.3675589390915732e-06,0.010985571673386207,0.9884602787324832,0.0005527786369235996
1e-12,1.6050298867753554e-09,0.0011695086598275672,0.998817482606478,1.3007128466476033e-05
6.691585063833827e-10,4.444158934191478e-07,0.00757679618280882,0.9921268016186262,0.000295957113513077
3.889111410693147e-08,7.372388757809212e-06,0.01911662547101689,0.9794656047524932,0.001410358496618023
2.9649060762082513e-07,2.9945467926228986e-05,0.030184345108860033,0.9667100430825579,0.0030753698500482333
8.18636391120009e-07,6.026991462537712e-05,0.03783133807859085,0.9575691416455973,0.0045384317247953825
1.360288347629357e-06,8.54618146509667e-05,0.04231700652884807,0.9520842371573464,0.005511934210807019
3.963496197911809e-12,1.277096550733603e-08,0.0023322211426582973,0.9976265918294522,4.1174252960513846e-05
2.9931090939072647e-09,1.2526133339463286e-06,0.010671858971342707,0.9888004356936994,0.0005264497285149001
8.225212233536894e-08,1.236565862638983e-05,0.022638360943578295,0.9754688389560343,0.0018803521896386777
4.311806415246977e-07,3.87618408559387e-05,0.032813273716561286,0.9635973764525854,0.0035501568093558996
9.872227609841744e-07,6.855643216185925e-05,0.03943012251178235,0.9556246316282442,0.004875702205050661
3.376410262490026e-12,1.1429838076004728e-08,0.002247725622936292,0.9977135501519051,3.8712791944108685e-05
2.762603479311565e-09,1.1850788889100627e-06,0.01047840535317468,0.9890099280251852,0.0005104787801477977
7.902147225458123e-08,1.2028327962654295e-05,0.02243489861245429,0.9757013452586331,0.0018516487794777408
4.226279929353538e-07,3.823055046237034e-05,0.0326672298683075,0.9637711154102697,0.003523001542967446
1e-12,1e-12,5.063367008006914e-06,0.999994935139959,1.4930327822102332e-09
1e-12,1e-12,3.0849298671142833e-09,0.9999999969150636,1e-12
1e-12,1e-12,1.2392974144348479e-05,0.9999876003889089,6.636944821405091e-09
1e-12,1e-12,4.826307131722274e-09,0.9999999951736791,1e-12
1e-12,1e-12,3.842367035655769e-08,0.9999999615758921,1e-12
0.5,1e-12,1e-12,1e-12,0.5
0.0015011822567370103,0.009485760373856178,0.17143858117576316,0.7417162961724001,0.07585818002124355
1.317650433207973e-10,1.4436623874125587e-07,0.005219981195554557,0.9946214380873392,0.00015843621910252592
1.725782772243889e-08,4.205575616977875e-06,0.015902168878370038,0.9830613772514304,0.0010322310367548194
1.9750534352436233e-07,2.2630491849251477e-05,0.027562454229597355,0.9697830437983253,0.0026316739748845795
6.681516501183538e-07,5.2406926576487045e-05,0.03616698078674807,0.9595811488635535,0.004198795271471868
1.228918272366819e-06,7.969865739299031e-05,0.04138134513574421,0.9532358324191883,0.005301894869402149
1.6666596125425315e-06,9.826365834308959e-05,0.04424865107744269,0.9496942648408521,0.005957153763749635
4.3871573041087686e-12,1.3701110912478498e-08,0.002387395504364398,0.9975697764116274,4.28143785101504e-05
3.1490283713964118e-09,1.2973848845243552e-06,0.010796266885144346,0.9886656051359556,0.0005368274449871889
8.436729403982213e-08,1.2584286050221216e-05,0.022768217026760795,0.9753203443987047,0.0018987699211901522
4.3668950655550987e-07,3.910230645487456e-05,0.03290614074102116,0.9634868483059428,0.0035674719570746786
1e-12,1e-12,5.0825251241004565e-06,0.9999949159724157,1.5024599418431974e-09
1e-12,1e-12,1.2469002583781474e-06,0.9999987529552906,1.4445095831110857e-10
1e-12,1e-12,1.5308780909606412e-09,0.9999999984691199,1e-12
1e-12,1e-12,5.3640647479369363e-11,0.9999999999463594,1e-12
1e-12,1e-12,1.634199112143797e-06,0.9999983655741576,2.2673024977210192e-10
1e-12,2.3207213928344572e-11,0.000285159090626097,0.9997136048875296,1.2359986367068494e-06
1e-12,6.604494728890131e-12,0.00018758534215834732,0.9998117997570565,6.148941806961075e-07
1e-12,1e-12,3.7717940515324955e-07,0.9999996228009048,1.9690053296537484e-11
1e-12,1e-12,8.419738239950902e-10,0.9999999991580254,1e-12
1e-12,1e-12,3.9780845284553834e-11,0.9999999999602192,1e-12
0.5,1e-12,1e-12,1e-12,0.5
1e-12,1.6918200174131925e-10,0.0005527784677338277,0.9994434947237922,3.726639284186561e-06
1e-12,1e-12,1.3007128464304074e-05,0.9999869856774005,7.194132978569834e-09
1e-12,5.211022724438408e-10,0.0008040854144878429,0.9991889518081206,6.9622562501383685e-06
1e-12,1e-12,1.568954972397396e-05,0.9999843006170583,9.833213883008256e-09
1e-12,6.903413396486258e-10,0.0008830451573845766,0.9991088144595905,8.139692624947503e-06
1e-12,1e-12,8.18636391120009e-07,0.9999991812919694,7.16394654719116e-11
1e-12,1e-12,2.4914583285351455e-08,0.9999999750852042,1e-12
1e-12,1e-12,8.730078893126603e-08,0.999999912697493,1.7180284200177355e-12
1e-12,1e-12,6.592327087140415e-05,0.9999339691371046,1.075917373503259e-07
1e-12,1e-12,9.019227595585821e-05,0.9999096263051367,1.8141817362528418e-07
2.5903723610554152e-12,9.51413647864996e-09,0.0021146632617826677,0.9978503658029109,3.4961418579626173e-05
2.4197548409432557e-09,1.0813029384104667e-06,0.01016611674794854,0.9893476728365138,0.0004851266928443773
7.395567724888252e-08,1.1490604707398155e-05,0.02210238432669198,0.9760809061767305,0.0018051449361928312
1e-12,4.661283137252781e-09,0.0016677760383897455,0.9983086997202547,2.3519579148277417e-05
1.4452985475088553e-09,7.570803786105529e-07,0.009036723231202304,0.9905645844507263,0.000397933792394228
5.715636774983324e-08,9.61795421827727e-06,0.02085426959129244,0.9775009529734788,0.001635102324642742
3.59433071750459e-07,3.419389587366872e-05,0.03150931282148506,0.9651451939068902,0.003310939942679314
2.0372592501871623e-12,8.05688438187957e-09,0.002000878516677407,0.9979672367249642,3.187669943673563e-05
2.1459480858965208e-09,9.951243185035707e-07,0.0098910680521902,0.9896446945614161,0.0004632401161271326
1e-12,1.3689298583585696e-09,0.0011091608765454453,0.9988789310955216,1.1906658845597561e-05
5.965123950346651e-10,4.1044929810496456e-07,0.0073799846990439955,0.9923364400574423,0.00028316419770323234
0.5,1e-12,1e-12,1e-12,0.5
0.0015011822567370103,0.009485760373856178,0.17143858117576316,0.7417162961724001,0.07585818002124355
1.317650433207973e-10,1.4436623874125587e-07,0.005219981195554557,0.9946214380873392,0.00015843621910252592
1e-12,1e-12,4.006369216469352e-05,0.9999598893961329,4.691163801764229e-08
1e-12,2.816816335737826e-09,0.001410355679355213,0.9985718629515187,1.7778551863194697e-05
1e-12,1e-12,1.0348531402915029e-06,0.9999989650409834,1.0587626657436767e-10
1e-12,1.1694645252191549e-11,0.00022693384580108056,0.9997722215198264,8.446226776654008e-07
1e-12,4.688471832992036e-12,0.00016734050278544021,0.9998321511894741,5.08303051939129e-07
1e-12,2.9685143232427436e-12,0.0001436975264220708,0.999855908147088,3.943235213823173e-07
1e-12,2.362110507192483e-12,0.00013315971156746542,0.9998664929757711,3.473102992946273e-07
6.0258464884555e-12,1.706740715423649e-08,0.002568348023633482,0.9973832620509733,4.83728519602852e-05
1e-12,1e-12,1.397314429052443e-06,0.9999986025109252,1.7464570816015749e-10
1e-12,1e-12,6.537903063374984e-07,0.9999993461604446,4.924905878663926e-11
1e-12,1e-12,2.2265236543361766e-08,0.9999999777345873,1e-12
1e-12,1e-12,2.0456814020519687e-10,0.9999999997954317,1e-12
1e-12,1e-12,7.910618715634143e-09,0.9999999920893499,1e-12
1e-12,1e-12,1.9845173024224394e-05,0.9999801402799992,1.454696882431668e-08
1e-12,9.820351198897015e-10,0.000993020293773239,0.9989970784834106,9.900240683593481e-06
1e-12,1e-12,8.681656104014834e-07,0.9999991317553815,7.900809544243562e-11
1e-12,1e-12,1.0350749873655474e-05,0.999989644333952,4.916173257579994e-09
1e-12,3.699229811360283e-10,0.0007173556979469531,0.9992768885403979,5.755391708486749e-06
2.3183899244827444e-10,2.1343857248279363e-07,0.005942610183407027,0.9938602891772557,0.00019688696892582316
0.5,1e-12,1e-12,1e-12,0.5
1e-12,1.6918200174131925e-10,0.0005527784677338277,0.9994434947237922,3.726639284186561e-06
1.317650433207973e-10,1.4436623874125587e-07,0.005219981195554557,0.9946214380873392,0.00015843621910252592
1e-12,5.211022724438408e-10,0.0008040854144878429,0.9991889518081206,6.9622562501383685e-06
1e-12,3.129629888576346e-11,0.0003150386627842616,0.9996835019296977,1.459376221076886e-06
1e-12,7.669642698715506e-12,0.00019716941429259727,0.9998021624263878,6.681516500435412e-07
1e-12,3.79674069961311e-12,0.0001559802725406012,0.9998435676295442,4.520941184666502e-07
1e-12,2.6714186418530517e-12,0.00013873411990783513,0.999860893994913,3.7188250777237626e-07
1e-12,2.240652108298491e-12,0.00013083976970051925,0.9998688229452581,3.3728280070063416e-07
1e-12,2.0521362387171393e-12,0.00012706265942419304,0.9998726161289971,3.2120952650422053e-07
1e-12,1.963984530561902e-12,0.00012521518744113003,0.9998744713481418,3.134624530716971e-07
5.273781411574419e-12,1.5563052402356448e-08,0.0024907388310912992,0.9974632901880915,4.595541249097762e-05
3.4526255188183086e-09,1.382649386871826e-06,0.011025421196181329,0.9884170317367164,0.0005561609650898993
1e-12,1e-12,5.839809149632558e-05,0.9999415139979578,8.791034662853635e-08
1e-12,1e-12,8.488871689982247e-05,0.9999149472947674,1.6398772080239356e-07
2.2717383529879953e-12,8.687434438492403e-09,0.002051671894532925,0.9979150798715668,3.3239544194091094e-05
2.2659807363822893e-09,1.0332979799576592e-06,0.01001480428777557,0.9895111253850246,0.0004730347632390919
7.156718617729041e-08,1.1233121594123041e-05,0.021939405809647705,0.9762667538258034,0.0017825356757685583
4.022005682946528e-07,3.694777915397296e-05,0.03230877334538618,0.9641971385016901,0.0034567381732014207
9.534696658874964e-07,6.69354101009434e-05,0.0391283217667846,0.955992578013575,0.004811211339873646
1.4680433411129457e-06,9.005893894087347e-05,0.04303243401956236,0.9512010290189932,0.005675009979162429
1.8216076189681019e-06,0.00010445143696014014,0.045119942237878186,0.9486107011364912,0.006163083581051521
0.5,1e-12,1e-12,1e-12,0.5
0.0015011822567370103,0.009485760373856178,0.17143858117576316,0.7417162961724001,0.07585818002124355
1.317650433207973e-10,1.4436623874125587e-07,0.005219981195554557,0.9946214380873392,0.00015843621910252592
1e-12,1e-12,4.006369216469352e-05,0.9999598893961329,4.691163801764229e-08
1e-12,1e-12,3.500854414362209e-06,0.9999964983384263,8.071593553406995e-10
1e-12,7.276534930156231e-11,0.00041731568791014695,0.9995803521647965,2.332074525844782e-06
7.163936110998748e-11,9.469246975424284e-08,0.0045383369606862844,0.9953362307609481,0.000125337514256461
1e-12,4.2200420935500915e-10,0.0007495310036294001,0.999244276210675,6.192363662467244e-06
1e-12,2.8163471554876196e-11,0.0003041588233624326,0.9996944648254992,1.376322974268057e-06
1e-12,7.275735569578501e-12,0.00019373449556425726,0.9998056166362931,6.488608669672729e-07
1.357958190340014e-11,2.99512281642933e-08,0.0030963696226967707,0.9968374837363536,6.611667614185339e-05
1e-12,1e-12,3.082335561888083e-05,0.9999691463411284,3.030322334538853e-08
1e-12,1e-12,6.167294633507847e-05,0.9999382307735006,9.627992955932538e-08
1e-12,1e-12,1.076676492406392e-08,0.9999999892331826,1e-12
1e-12,1e-12,1.4225487454666563e-10,0.9999999998577451,1e-12
1e-12,1e-12,1.3249769703627123e-07,0.9999998674988594,3.4436101507200775e-12
1e-12,1e-12,8.121330716093222e-05,0.9999186343674674,1.5232483583579054e-07
2.063904602778166e-12,8.129396156242308e-09,0.002006851830787304,0.997961104259822,3.203577793062255e-05
1e-12,1e-12,2.4801352817016564e-05,0.9999751775539147,2.1093252957532488e-08
1e-12,1e-12,2.754439644481188e-06,0.9999972450191145,5.412410912575754e-10
1e-12,5.0782711369379285e-11,0.0003701814467345077,0.9996279088323895,1.909670091935419e-06
5.525002677586599e-11,7.911063204524282e-08,0.004275404290234652,0.9956110953740824,0.00011342116980083895
