P1,P2,P3,P4,P5
0.5,1e-12,1e-12,1e-12,0.5
1e-12,1.6918200174131925e-10,0.0005527784677338277,0.9994434947237922,3.726639284186561e-06
1.317650433207973e-10,1.4436623874125587e-07,0.005219981195554557,0.9946214380873392,0.00015843621910252592
1.725782772243889e-08,4.205575616977875e-06,0.015902168878370038,0.9830613772514304,0.0010322310367548194
1.9750534352436233e-07,2.2630491849251477e-05,0.027562454229597355,0.9697830437983253,0.0026316739748845795
6.681516501183538e-07,5.2406926576487045e-05,0.03616698078674807,0.9595811488635535,0.004198795271471868
1.228918272366819e-06,7.969865739299031e-05,0.04138134513574421,0.9532358324191883,0.005301894869402149
1.6666596125425315e-06,9.826365834308959e-05,0.04424865107744269,0.9496942648408521,0.005957153763749635
1.9409253948499128e-06,0.00010910354522875032,0.045751619685918454,0.9478229711725615,0.006314364670896371
2.0945455077026054e-06,0.00011496223485629731,0.0465209832428235,0.9468610880573095,0.006500871919502981
1e-12,1.830535723001958e-12,0.0001223149356237574,0.999877383608647,3.014538986952594e-07
1e-12,1.8549606295437115e-12,0.00012285356903218858,0.9998768427591951,3.0366991771954256e-07
1e-12,1.8671730828145883e-12,0.0001231237744599989,0.9998765714396443,3.047840285859956e-07
1e-12,1.873390331752489e-12,0.00012325909992427775,0.9998764355555865,3.0534261588568795e-07
1e-12,1e-12,6.140800453691142e-06,0.9999938571402787,2.0592674392529114e-09
1e-12,1e-12,2.7528129436960036e-05,0.999972446772043,2.509849911603664e-08
1e-12,1e-12,2.9019134418772907e-06,0.9999970974961628,5.903952533305796e-10
1e-12,1e-12,9.421798974340589e-07,0.9999990577295521,9.055040662389242e-11
1e-12,1e-12,5.368565720864638e-07,0.9999994631079658,3.5462077832058364e-11
1e-12,1e-12,8.139552899799618e-06,0.9999918571534799,3.2936198668895855e-09
1e-12,1e-12,1.577948202213797e-06,0.9999984218379249,2.138728780256686e-10
1e-12,1e-12,6.94764785924562e-07,0.999999305180714,5.450004150980329e-11
0.5,1e-12,1e-12,1e-12,0.5
1e-12,1e-12,2.753569109381626e-05,0.9999724391988943,2.5109990926928157e-08
1e-12,1.6050298867753554e-09,0.0011695086598275672,0.998817482606478,1.3007128466476033e-05
6.691585063833827e-10,4.444158934191478e-07,0.00757679618280882,0.9921268016186262,0.000295957113513077
3.889111410693147e-08,7.372388757809212e-06,0.01911662547101689,0.9794656047524932,0.001410358496618023
2.9649060762082513e-07,2.9945467926228986e-05,0.030184345108860033,0.9667100430825579,0.0030753698500482333
8.18636391120009e-07,6.026991462537712e-05,0.03783133807859085,0.9575691416455973,0.0045384317247953825
1.360288347629357e-06,8.54618146509667e-05,0.04231700652884807,0.9520842371573464,0.005511934210807019
1.7534802976282293e-06,0.00010175212792873367,0.044744397825068005,0.9490781621258194,0.006073934440886245
1.9908375747945684e-06,0.00011102262089468518,0.046006736089113875,0.9475043150790321,0.00637593537338454
4.794831198751126e-12,1.4570391337898059e-08,0.0024367401248909237,0.9975189423089322,4.430299099069326e-05
1e-12,1e-12,2.7334755926644583e-05,0.9999726404387171,2.4805335741371798e-08
1e-12,1.587494136146006e-09,0.0011652386169245244,0.9988218318133241,1.2927982062346576e-05
6.638700700278832e-10,4.4198296056396913e-07,0.007563041814842908,0.992141459971405,0.00029505556692143814
1e-12,9.120353361424804e-10,0.0009688644873092622,0.9990216328583109,9.501742257050738e-06
4.448723611716332e-10,3.3506192287369174e-07,0.006900364764865552,0.9928463363766735,0.00025296335166573346
1e-12,1e-12,4.6102195368602494e-05,0.9999538385252847,5.9279248746520356e-08
1e-12,1e-12,1.8697290415925494e-07,0.9999998130209822,6.1136127367736036e-12
1e-12,1e-12,2.3915565761090107e-07,0.999999760835128,9.214418619717428e-12
1e-12,1e-12,2.704778153672649e-07,0.9999997295108722,1.1312352917815056e-11
1e-12,1.5627499294623703e-12,0.00011603092660306125,0.9998836929885273,2.7608330682747395e-07
1e-12,1e-12,5.958005209194539e-06,0.9999940400366715,1.9581191258002865e-09
0.5,1e-12,1e-12,1e-12,0.5
3.3982678893096363e-09,1.3675589390915732e-06,0.010985571673386207,0.9884602787324832,0.0005527786369235996
1e-12,1e-12,5.829126546308405e-05,0.9999416210918644,8.764247451323235e-08
1e-12,1e-12,2.1024334095898212e-07,0.9999997897492253,7.433680672296929e-12
1e-12,1.070921129553426e-12,0.00010229985365495242,0.9998974763424056,2.238028685224453e-07
1e-12,1.418642980866025e-12,0.00011235327922010097,0.9998873850673092,2.6165205199192004e-07
4.169997680492088e-12,1.322786546964494e-08,0.002359647450027591,0.9975983530097001,4.198630823683514e-05
3.0700790798476874e-09,1.274802669426478e-06,0.01073388473634218,0.9887332241132408,0.0005316132776684705
8.330299505754368e-08,1.2474494036518458e-05,0.02270319852744751,0.975394705017681,0.0018895386578398718
4.3392633219951904e-07,3.8931702328826034e-05,0.03285967571930393,0.9635421547619208,0.003558803890114246
9.903610109773808e-07,6.870625713295553e-05,0.03945776660036382,0.9555909082295073,0.004881628551984943
3.381961377613152e-12,1.1442400249528362e-08,0.0022485470557734866,0.9977127050717904,3.873642665388752e-05
1e-12,1e-12,2.625553645885237e-05,0.9999737212689086,2.3194614326559977e-08
1e-12,1.494415480252087e-09,0.0011420302220171985,0.9988454670763202,1.250120706838068e-05
1e-12,5.299982674955572e-11,0.0003754904358126421,0.9996225539598314,1.9555513548739473e-06
5.6981974694281234e-11,8.081868274611992e-08,0.004305831895965229,0.9955793117838563,0.00011477544451372087
1.1348915029962825e-08,3.1478895521352968e-06,0.014457952854849965,0.9846602064985988,0.0008786814080841563
1e-12,2.4364184003644596e-09,0.0013438598624960774,0.9986397359250322,1.6401775691344257e-05
1e-12,1e-12,2.0288594944739557e-05,0.9999796963123112,1.509273564940194e-08
1e-12,1e-12,5.003610451370655e-05,0.9999498959475701,6.794779098791726e-08
1e-12,1e-12,7.857661456878162e-05,0.9999212792135815,1.441713645464417e-07
1.921351966416296e-12,7.736742690944709e-09,0.0019740680454110038,0.9979947575895054,3.1166626419593266e-05
0.5,1e-12,1e-12,1e-12,0.5
3.3982678893096363e-09,1.3675589390915732e-06,0.010985571673386207,0.9884602787324832,0.0005527786369235996
1e-12,1e-12,5.829126546308405e-05,0.9999416210918644,8.764247451323235e-08
1e-12,1e-12,2.1024334095898212e-07,0.9999997897492253,7.433680672296929e-12
1e-12,1e-12,1.2626096501655582e-08,0.999999987373835,1e-12
1e-12,1e-12,2.5071593832248773e-05,0.9999749069284385,2.1477713486092793e-08
1e-12,1.3944847498947865e-09,0.0011160128651968027,0.9988719561010723,1.2029639084557003e-05
6.045344225213967e-10,4.142603644563536e-07,0.007402599223973683,0.9923123635095522,0.0002846224015752145
3.696548178666603e-08,7.1182902402489034e-06,0.01889829188562475,0.9797114354349135,0.0013831174237397678
1e-12,3.666580816741316e-09,0.0015397231212268547,0.9984396900292306,2.0583182308416355e-05
1.2152447936841781e-09,6.715194922346512e-07,0.008685448797139506,0.9909416043714179,0.00037227409670562606
1e-12,1.1243479480782526e-09,0.001038796171754175,0.9989505293964948,1.0673307284556869e-05
1e-12,4.597144886986371e-11,0.000358104945961335,0.9996400880735031,1.806934563016293e-06
5.141753689485995e-11,7.52709022888709e-08,0.004205360322518503,0.9956842359138817,0.0001103284412799857
1e-12,3.7623415494181245e-10,0.0007214094178160657,0.9992727804677235,5.809738201861049e-06
2.346889349524872e-10,2.1525074322958915e-07,0.005959288032635679,0.9938426823019554,0.0001978141799767451
1e-12,6.363529703179438e-10,0.0008594173367560964,0.9991328023836953,7.77964314370986e-06
1e-12,3.458455744009825e-11,0.000325703351530815,0.999672753946693,1.5426671909380372e-06
1e-12,1e-12,9.98318051270708e-06,0.9999900121908248,4.628661599493074e-09
1e-12,1e-12,1.7475405286182522e-06,0.9999982522059313,2.535401205502205e-10
1e-12,2.566302725881542e-11,0.00029487921640936055,0.9997038137248636,1.3070330635189471e-06
1e-12,6.945111152845129e-12,0.0001907559555803795,0.9998086117207311,6.323167434566521e-07
0.5,1e-12,1e-12,1e-12,0.5
3.3982678893096363e-09,1.3675589390915732e-06,0.010985571673386207,0.9884602787324832,0.0005527786369235996
1e-12,1e-12,5.829126546308405e-05,0.9999416210918644,8.764247451323235e-08
1e-12,1e-12,2.1024334095898212e-07,0.9999997897492253,7.433680672296929e-12
1e-12,1e-12,1.2626096501655582e-08,0.999999987373835,1e-12
1e-12,1e-12,3.0941580408949676e-09,0.9999999969058354,1e-12
1e-12,1e-12,1.5317194179687021e-09,0.9999999984682786,1e-12
1e-12,1e-12,4.3477467215335963e-07,0.9999995652003757,2.495211569266385e-11
1e-12,1e-12,7.324936478259048e-06,0.9999926723007492,2.7627721675575e-09
1e-12,2.2022317303083128e-10,0.0006035308180799559,0.999392154422098,4.314539587656991e-06
1.5940537778647013e-10,1.647014157279969e-07,0.005453197173920787,0.9943761640565305,0.00017047390872764094
1.8981800686823647e-08,4.491590386068722e-06,0.016249511135088657,0.9826752863582607,0.0010706919344638825
1e-12,2.911195950972001e-09,0.0014259134575418386,0.998555976551236,1.8107079557937767e-05
1e-12,7.397460421998403e-11,0.0004196134138431118,0.9995780329888897,2.353523290390437e-06
1e-12,1.1791456699938863e-11,0.00022755785287553731,0.9997715936374196,8.484979131105435e-07
1.924571613187709e-11,3.812779458822746e-08,0.0033549740875468137,0.9965693817183631,7.56060470498331e-05
6.595565649192281e-09,2.1631275756162083e-06,0.01277835840666075,0.9865062106639879,0.0007132612062100943
1.2209892452652582e-07,1.624118087473203e-05,0.024742896494165723,0.9730525168133961,0.0021882234126388883
5.253413490891035e-07,4.441062101212534e-05,0.034287058231166734,0.9618387085744767,0.0038292972319953758
1.0896983693164941e-06,7.337480068181357e-05,0.04029900902157113,0.9545630148689396,0.005063511610438155
1.569417797164796e-06,9.428762034313642e-05,0.043668460285647415,0.9504138963347063,0.005821786341506023
4.257261210227625e-12,1.3418981259505358e-08,0.00237093183422743,0.9975867324664888,4.2322276045273485e-05
0.5,1e-12,1e-12,1e-12,0.5
3.3982678893096363e-09,1.3675589390915732e-06,0.010985571673386207,0.9884602787324832,0.0005527786369235996
1e-12,1e-12,1.4449800378457667e-07,0.9999998554980173,3.978962535821408e-12
1e-12,1e-12,5.211413522943076e-10,0.9999999994788583,1e-12
1e-12,1e-12,3.129696501957824e-11,0.999999999968703,1e-12
1e-12,1e-12,7.669642698715506e-12,0.9999999999923304,1e-12
1e-12,1e-12,3.076540366908631e-08,0.9999999692342942,1e-12
1e-12,1e-12,3.913565405910813e-05,0.9999608192313995,4.5114481468560145e-08
1e-12,2.719515057592048e-09,0.0013939475067360485,0.9985886150837869,1.7434689537634408e-05
1e-12,1e-12,2.066374093268042e-05,0.9999793206983321,1.5560726320958775e-08
1e-12,1.0434157982075476e-09,0.0010132730894555353,0.9989764864723276,1.02393946946864e-05
1e-12,1e-12,1.7614379744124165e-05,0.9999823736952518,1.1924998592814398e-08
1e-12,8.2119733235686e-10,0.0009355971348909975,0.9990554383075074,8.963736328930289e-06
4.124076635747542e-10,3.179474944436933e-07,0.0067815724979399805,0.992972410045696,0.00024569909646183043
3.0531575490044816e-08,6.237502657380212e-06,0.018097826537986972,0.9806107358592412,0.0012851695685389191
2.6270017872143114e-07,2.754914439562217e-05,0.029379213834433537,0.9676570400601758,0.002935934260816304
7.705765245891172e-07,5.781225038281601e-05,0.03732811556533944,0.9581787954522878,0.00443450615546538
1.319755099871145e-06,8.370312037231376e-05,0.04203624504928194,0.9524302092420791,0.005448522833166777
1.7271580398103836e-06,0.00010070037268372634,0.044596194398898614,0.9492624628746259,0.006038915195751932
1.975838410217534e-06,0.0001104475312840858,0.04593060981846009,0.9475994324844934,0.006357534327352222
1e-12,1.794120407794253e-12,0.00012149437822239761,0.9998782075294861,2.9809049742081327e-07
4.9400483703720965e-12,1.4874557363597773e-08,0.002453540588182146,0.9975016300418755,4.4814490444876275e-05
