P1,P2,P3,P4,P5
0.5,1e-12,1e-12,1e-12,0.5
3.3982678893096363e-09,1.3675589390915732e-06,0.010985571673386207,0.9884602787324832,0.0005527786369235996
1e-12,1.6050298867753554e-09,0.0011695086598275672,0.998817482606478,1.3007128466476033e-05
6.691585063833827e-10,4.444158934191478e-07,0.00757679618280882,0.9921268016186262,0.000295957113513077
3.889111410693147e-08,7.372388757809212e-06,0.01911662547101689,0.9794656047524932,0.001410358496618023
2.9649060762082513e-07,2.9945467926228986e-05,0.030184345108860033,0.9667100430825579,0.0030753698500482333
8.18636391120009e-07,6.026991462537712e-05,0.03783133807859085,0.9575691416455973,0.0045384317247953825
1.360288347629357e-06,8.54618146509667e-05,0.04231700652884807,0.9520842371573464,0.005511934210807019
1.7534802976282293e-06,0.00010175212792873367,0.044744397825068005,0.9490781621258194,0.006073934440886245
1.9908375747945684e-06,0.00011102262089468518,0.046006736089113875,0.9475043150790321,0.00637593537338454
2.121305867186507e-06,0.00011596870628027833,0.04665038566327928,0.9466990401083829,0.006532484216190333
1e-12,1.8387513733841843e-12,0.00012249421721732823,0.9998772035901748,3.021907690391412e-07
1e-12,1.858957432432362e-12,0.0001229435715643934,0.9998767523857419,3.040408347681072e-07
5.06861219662369e-12,1.5141479403624203e-08,0.0024680958085625537,0.9974866295020413,4.525954284821545e-05
3.384812652384994e-09,1.3638121191261732e-06,0.010975631555844023,0.9884710649751822,0.0005519362720420223
1e-12,1.602827426339104e-09,0.00116897405091132,0.9988180271373351,1.2997208728537753e-05
6.684952591484716e-10,4.4411104616060015e-07,0.007575075530553255,0.9921286354201464,0.00029584426975894464
3.887183241957359e-08,7.3698640340458255e-06,0.01911448141517269,0.9794680199519408,0.0014100898970200381
2.964171003094762e-07,2.9940350659951598e-05,0.030182673689937878,0.966712012066546,0.0030750774757558577
8.185349048561719e-07,6.0264773384388626e-05,0.037830300303683395,0.9575704000852724,0.0045382163027550115
1.360204027744949e-06,8.545817337390904e-05,0.04231642938842095,0.9520849487122324,0.005511803521944988
1.7534259503237948e-06,0.00010174996154033167,0.0447440936557838,0.9490785404825615,0.006073862474164055
0.5,1e-12,1e-12,1e-12,0.5
0.0015011822567370103,0.009485760373856178,0.17143858117576316,0.7417162961724001,0.07585818002124355
5.829126566114784e-05,0.00111121899939437,0.09417995463405393,0.8816731651908649,0.022977369910025615
1.1478768127015648e-05,0.0003685057466249475,0.06716670662487711,0.920021658007185,0.01243165085318582
5.09370500334505e-06,0.00021145034489178371,0.056435881258078746,0.9342219373028456,0.00912563738918052
3.3931448129020936e-06,0.00016007155764119485,0.05168200194732586,0.9403386445609314,0.007815888789288626
2.7694058111205067e-06,0.00013925423441896179,0.04944699934380159,0.9431782132124893,0.007232763803479049
2.5019503205880866e-06,0.00012987991527690923,0.04836362137835937,0.9445463879486667,0.006957608807376378
2.378070464992277e-06,0.00012543118880059545,0.04783029454863419,0.9452179414053233,0.006823954786776902
2.3184500128614616e-06,0.00012326407252150062,0.04756570070106414,0.9455506296699234,0.0067580871064780975
5.1743054285680046e-12,1.535925253648429e-08,0.0024798444366024297,0.9974745201290581,4.562006991258917e-05
3.41990746832721e-09,1.3735752625310127e-06,0.011001494371464693,0.988442999539215,0.0005541290941503095
8.792107841770758e-08,1.294781855332161e-05,0.022980782355600082,0.9750770983742216,0.001929083530546581
4.4579192404192725e-07,3.9661938012969244e-05,0.03305758822486604,0.9633065153225994,0.003595788722597568
1.0038102518095116e-06,6.934666375824072e-05,0.03957545960057962,0.9554472943270185,0.004906895598391866
1.5062991977066176e-06,9.16652156515152e-05,0.04327642549191402,0.9508992870567805,0.005731115936456243
1.8451896749427377e-06,0.0001053783335671632,0.045247338993271824,0.9484519777463989,0.006193459737087158
1e-12,1.751931932858497e-12,0.00012053924506605362,0.9998791665586595,2.9419452250510915e-07
4.85633755431536e-12,1.4699501615922372e-08,0.00244389982069515,0.9975115647923001,4.452068264684538e-05
3.313151974992934e-09,1.3437789246895093e-06,0.010922170137926623,0.988529067930671,0.0005474148393257887
8.653793182045177e-08,1.2806883116667223e-05,0.022898862614744164,0.97517086713423,0.0019173768299773734
1e-12,4.921791196821346e-09,0.0016982346727684172,0.9982775193588656,2.4241045575185092e-05
0.5,1e-12,1e-12,1e-12,0.5
0.0015011822567370103,0.009485760373856178,0.17143858117576316,0.7417162961724001,0.07585818002124355
5.829126566114784e-05,0.00111121899939437,0.09417995463405393,0.8816731651908649,0.022977369910025615
1.1478768127015648e-05,0.0003685057466249475,0.06716670662487711,0.920021658007185,0.01243165085318582
5.09370500334505e-06,0.00021145034489178371,0.056435881258078746,0.9342219373028456,0.00912563738918052
3.3931448129020936e-06,0.00016007155764119485,0.05168200194732586,0.9403386445609314,0.007815888789288626
2.7694058111205067e-06,0.00013925423441896179,0.04944699934380159,0.9431782132124893,0.007232763803479049
5.655254042835622e-12,1.633372770371011e-08,0.0025310949699453023,0.9974216824618418,4.7206228829964175e-05
3.5752929505861175e-09,1.4164368002944627e-06,0.011113593709384362,0.9883213112054171,0.0005636750731053124
8.98962629891642e-08,1.3147891446130267e-05,0.023096039948442004,0.9749451164460582,0.0019456058177906427
4.507715629653575e-07,3.996658062255243e-05,0.033139413853038646,0.9632090399358816,0.003611128858894261
1.0094011203554132e-06,6.961208719291623e-05,0.03962401832047335,0.9553880227286031,0.004917337462610215
1.5104881482264076e-06,9.184031451969776e-05,0.043302842797954044,0.9508666008393085,0.005737205560069536
1.847753587691514e-06,0.00010547888251610793,0.04526111192600646,0.9484348136552903,0.0061967477825994955
2.043654182437571e-06,0.00011303689227848412,0.046271224375668885,0.9471736401246298,0.006440054953240379
2.1492606240292034e-06,0.00011701582358125684,0.04678418564681741,0.946531404923253,0.006565244345724278
2.204093014879227e-06,0.00011905730059491582,0.04704266276444702,0.9462073332121856,0.006628742629757577
2.232031585336358e-06,0.00012009130383017208,0.04717240298009806,0.9460445535187725,0.006660720165713972
2.2461333946122153e-06,0.00012061165488952419,0.04723739881970335,0.94596297704502,0.0066767663469925
2.2532176744416432e-06,0.00012087267197014029,0.04726992821218012,0.9459221420676972,0.006684803830478108
2.256768188768632e-06,0.00012100339142440131,0.04728620078155488,0.9459017128834487,0.006688826175383275
2.2585455434764867e-06,0.00012106880394568975,0.04729433903514768,0.9458914953661172,0.006690838249245961
0.5,1e-12,1e-12,1e-12,0.5
3.3982678893096363e-09,1.3675589390915732e-06,0.010985571673386207,0.9884602787324832,0.0005527786369235996
1e-12,1.6050298867753554e-09,0.0011695086598275672,0.998817482606478,1.3007128466476033e-05
6.691585063833827e-10,4.444158934191478e-07,0.00757679618280882,0.9921268016186262,0.000295957113513077
3.889111410693147e-08,7.372388757809212e-06,0.01911662547101689,0.9794656047524932,0.001410358496618023
2.9649060762082513e-07,2.9945467926228986e-05,0.030184345108860033,0.9667100430825579,0.0030753698500482333
8.18636391120009e-07,6.026991462537712e-05,0.03783133807859085,0.9575691416455973,0.0045384317247953825
1.360288347629357e-06,8.54618146509667e-05,0.04231700652884807,0.9520842371573464,0.005511934210807019
3.963496197911809e-12,1.277096550733603e-08,0.0023322211426582973,0.9976265918294522,4.1174252960513846e-05
1e-12,1e-12,6.628534920949392e-08,0.9999999337135651,1.0856653131684793e-12
1e-12,1e-12,3.5296632283632334e-10,0.9999999996470335,1e-12
1e-12,1e-12,2.5756730082093782e-11,0.9999999999742433,1e-12
1e-12,1e-12,1.1324091067077546e-06,0.9999988674678646,1.2302869245744983e-10
1e-12,1.3386625141720288e-11,0.00023738707378917479,0.9997617024408036,9.104720203040347e-07
2.10926831556435e-11,4.062465464027554e-08,0.0034264355729244356,0.9964952054761967,7.831830513152807e-05
6.904819827013853e-09,2.23275172805959e-06,0.012912396579305985,0.986359429895233,0.0007259338689132114
1.249286333271371e-07,1.6499962487981357e-05,0.02487062145329244,0.9729052052729472,0.002207548382639018
5.313940146800533e-07,4.476234518591138e-05,0.03437445202380651,0.9617341130272742,0.0038461412097187614
1.0959578110592005e-06,7.36643852157215e-05,0.04034995511494188,0.9545006624509782,0.005074622091053149
1.5739188626850975e-06,9.447334422529874e-05,0.04369593625226309,0.9503798513429687,0.005828165141680312
1.8861514436974147e-06,0.00010697950696358927,0.0454655859383607,0.9481798928054178,0.006245655597814209
2.0647794093386906e-06,0.00011383792922936564,0.0463754937075086,0.9470431904421899,0.006465413141662835
0.5,1e-12,1e-12,1e-12,0.5
0.0015011822567370103,0.009485760373856178,0.17143858117576316,0.7417162961724001,0.07585818002124355
1.317650433207973e-10,1.4436623874125587e-07,0.005219981195554557,0.9946214380873392,0.00015843621910252592
1e-12,1e-12,4.006369216469352e-05,0.9999598893961329,4.691163801764229e-08
1e-12,2.816816335737826e-09,0.001410355679355213,0.9985718629515187,1.7778551863194697e-05
1.004526017922558e-09,5.8863728180647e-07,0.008315188835666287,0.9913382299193477,0.00034599160317821547
4.765038874587901e-08,8.482670909137902e-06,0.02001491096815744,0.9784517723193189,0.0015247863912257493
3.2818517547994475e-07,3.2116628738254605e-05,0.03087651370329747,0.9658935545455424,0.0031974869372464253
8.612813529040864e-07,6.241297360587428e-05,0.03825869926558678,0.9570504964315872,0.004627530047867153
1.3952690830487668e-06,8.696636019123183e-05,0.04255403024332771,0.9517918838034403,0.005565724323957768
1.7758831430958466e-06,0.00010264335645127076,0.04486914943327491,0.9489229479373487,0.006103483389782095
4.5285997174460135e-12,1.400544857865782e-08,0.0024049030925781256,0.9975517427023288,4.334019511589406e-05
3.19939941206826e-09,1.3117013620833617e-06,0.010835437591898978,0.9886231352831972,0.0005401122241423124
8.503937498627323e-08,1.2653395559447667e-05,0.022808945671363046,0.9752737535887405,0.0019045623049620613
4.3842541896932374e-07,3.920931259882021e-05,0.03293521341589978,0.9634522386676388,0.003572900178443595
9.954819579771623e-07,6.895041927723611e-05,0.039502727534604376,0.9555360524065697,0.004891274157590683
1e-12,1e-12,2.7828501081295087e-07,0.9999997217031275,1.1861780763076183e-11
1e-12,1e-12,7.232183740768505e-10,0.9999999992767811,1e-12
1e-12,1e-12,6.00054092680935e-06,0.9999939974775991,1.981473854431283e-09
1e-12,1.6328449703451042e-10,0.0005462825639019897,0.9994500633751241,3.65389768206604e-06
1.284314876670578e-10,1.4182861063360974e-07,0.005189364129112639,0.9946536113634015,0.0001568825504437297
1.7038112143374917e-08,4.168502067192215e-06,0.015855987401396487,0.9831126652456272,0.001027161812796964
0.5,1e-12,1e-12,1e-12,0.5
3.3982678893096363e-09,1.3675589390915732e-06,0.010985571673386207,0.9884602787324832,0.0005527786369235996
1e-12,1e-12,2.9023119851867563e-06,0.9999970970974844,5.905303995456778e-10
1e-12,1e-12,2.335593052293916e-09,0.9999999976644028,1e-12
1e-12,1e-12,2.6729446211959385e-08,0.9999999732703149,1e-12
1e-12,1e-12,1.816222403805412e-06,0.9999981835072317,2.7036451813889373e-10
1e-12,2.719091618530456e-11,0.0003006163316329191,0.9996980339386616,1.3497025141259855e-06
1e-12,1e-12,9.590887864563413e-06,0.999990404782629,4.329505501547578e-09
1e-12,1e-12,4.245765294896842e-09,0.9999999957542236,1e-12
1e-12,1e-12,3.603872023028032e-08,0.9999999639608865,1e-12
1e-12,1e-12,2.602611459678883e-10,0.9999999997397387,1e-12
1e-12,1e-12,2.2117196962767594e-11,0.9999999999778828,1e-12
1e-12,1e-12,6.447509193208134e-12,0.9999999999935525,1e-12
1e-12,1e-12,2.8207807978297694e-08,0.9999999717919307,1e-12
1e-12,1e-12,3.747370871132194e-05,0.9999624843245282,4.196670789647182e-08
1e-12,2.5481410315109088e-09,0.0013640683396229925,0.998619113644099,1.6815467750786343e-05
9.34365917970581e-10,5.598801132711273e-07,0.00817855583579119,0.9914843905610408,0.00033649278868889797
4.5956224936638534e-08,8.273231973054962e-06,0.01985184769043502,0.9786360984906938,0.0015037346306731852
3.2229822322094037e-07,3.171849041727626e-05,0.030752043626773307,0.9660405412376971,0.0031753743468890426
8.535216124982981e-07,6.202554390588588e-05,0.03818219858013605,0.9571433981717142,0.004611524182631363
1.3889695057445195e-06,8.669629618640595e-05,0.04251169552668721,0.9518441195804144,0.005556099627206222
1.7718695928259365e-06,0.00010248395172951508,0.044846891913841724,0.9489506456096037,0.006098206655232245
