P1,P2,P3,P4,P5
0.5,1e-12,1e-12,1e-12,0.5
3.3982678893096363e-09,1.3675589390915732e-06,0.010985571673386207,0.9884602787324832,0.0005527786369235996
8.764247449999374e-08,1.2919485992024526e-05,0.02296436278155911,0.9750958954266469,0.0019267346633274757
4.4508505192553116e-07,3.9618607177160925e-05,0.03304591469647511,0.9633204190298758,0.00359360258142009
2.2670754162845697e-12,8.675513751832398e-09,0.002050734862136583,0.9979160422651346,3.321419494792514e-05
2.2637343111142627e-09,1.0325894059803886e-06,0.010012535770032915,0.9895135749423065,0.0004728544345203107
7.15317041155572e-08,1.1229276629332041e-05,0.0219369529065343,0.9762695499627658,0.0017821963223663923
4.0210085283653996e-07,3.694146811006327e-05,0.03230698881219418,0.9641992579507775,0.003456409668065429
9.533514644388674e-07,6.692970199873027e-05,0.03912725014983509,0.9559938837641004,0.004810983032601249
3.318012531394743e-12,1.1292557888786803e-08,0.0022387095983540384,0.9977228253458486,3.845375992146202e-05
2.7385964607162805e-09,1.1779470368011857e-06,0.01045754670896848,0.9890325037251521,0.0005087688802461889
7.867737283895337e-08,1.1992148493344956e-05,0.0224128472636852,0.9757265327148014,0.0018485491956472195
4.21706821684964e-07,3.817312769716086e-05,0.032651361862527595,0.9637899867371377,0.0035200565658158878
9.76316993028803e-07,6.803460534654526e-05,0.03933351310035249,0.9557424596621313,0.004855016315176554
3.3577585156763234e-12,1.1385977827238491e-08,0.0022448529650813676,0.9977165054616237,3.8630183959384056e-05
1e-12,1e-12,1.3061421324511713e-06,0.999998693701798,1.5606960936935735e-10
1e-12,1.6582735185011188e-11,0.00025494295626193875,0.9997440315581895,1.0254689656545734e-06
1e-12,1e-12,8.832109403500432e-06,0.9999911641167821,3.773813711244006e-09
1e-12,2.915763186450704e-10,0.0006626807114799016,0.999332276428095,5.042568831950817e-06
1e-12,2.341016269724605e-11,0.00028598732326123866,0.9997127706640151,1.2419893130447382e-06
3.158207029230198e-11,5.3718776538147495e-08,0.00375968687208339,0.9961487884112109,9.147096634714888e-05
1e-12,1e-12,8.422118669138001e-08,0.999999915777195,1.618212882949075e-12
0.5,1e-12,1e-12,1e-12,0.5
3.3982678893096363e-09,1.3675589390915732e-06,0.010985571673386207,0.9884602787324832,0.0005527786369235996
8.764247449999374e-08,1.2919485992024526e-05,0.02296436278155911,0.9750958954266469,0.0019267346633274757
4.4508505192553116e-07,3.9618607177160925e-05,0.03304591469647511,0.9633204190298758,0.00359360258142009
1.0030140882300032e-06,6.930882858091625e-05,0.039568527258300845,0.9554557551933079,0.004905405705722035
1.5057017254127558e-06,9.164022870034039e-05,0.04327265283348103,0.9509039547211011,0.005730246514992078
1.844823692143116e-06,0.00010536397722948898,0.04524537175338472,0.9484544292878384,0.006192990157855187
2.0420332770276772e-06,0.00011297532217990902,0.04626318863935408,0.9471836914497057,0.006438102555483281
2.148408122071288e-06,0.00011698395480830293,0.04678012581693869,0.9465364925993563,0.006564249220774553
2.2036558458005118e-06,0.00011904108820803838,0.04704062229012285,0.9462098926977103,0.006628240268113067
5.044631379291786e-12,1.5091664140598482e-08,0.0024653924810732475,0.9974894156725014,4.51767497165563e-05
3.3767650897686963e-09,1.3615689541390807e-06,0.010969671752883547,0.9884775318323432,0.0005514314690540414
1e-12,1e-12,5.8248589782539106e-05,0.9999416638744655,8.753555435224062e-08
1e-12,1e-12,8.477999070188869e-05,0.9999150563709094,1.6363777920507003e-07
2.2652990594451694e-12,8.670750006878336e-09,0.0020503601687690276,0.9979164270975526,3.320406066304305e-05
1e-12,1e-12,2.5069298621893665e-05,0.9999749092269259,2.1474436497187648e-08
1e-12,1e-12,5.5619516588278906e-05,0.9999442994333844,8.104985522615174e-08
1e-12,4.607509263010456e-09,0.001661348102311777,0.998315278845807,2.3368443463176002e-05
1.433236196390908e-09,7.52704104267643e-07,0.009019423066883525,0.9905831691377005,0.00039665365807547683
1e-12,1e-12,2.6271322020043897e-06,0.999997372367604,5.001939652442881e-10
1e-12,1e-12,8.964633327890326e-07,0.9999991034533205,8.334665988042446e-11
1e-12,1e-12,1.051808614582761e-05,0.999989476864503,5.049350097601418e-09
0.5,1e-12,1e-12,1e-12,0.5
3.3982678893096363e-09,1.3675589390915732e-06,0.010985571673386207,0.9884602787324832,0.0005527786369235996
8.764247449999374e-08,1.2919485992024526e-05,0.02296436278155911,0.9750958954266469,0.0019267346633274757
1.0060841049153169e-12,4.94344432055982e-09,0.001700717466984747,0.9982749773478216,2.43002407432796e-05
1e-12,1e-12,1.1365637105908988e-06,0.9999988633125075,1.2378189626143658e-10
1e-12,1e-12,1.1843139024358962e-05,0.999988150707506,6.1534680336516355e-09
1e-12,1e-12,3.8229112269583254e-05,0.9999617275015016,4.338617289960111e-08
1e-12,1e-12,3.419757486633479e-06,0.9999965794662758,7.762375660530473e-10
1e-12,7.025158232920603e-11,0.00041245581985638324,0.9995852571416652,2.286968224534777e-06
1e-12,1e-12,5.593530805203528e-07,0.9999994406089463,3.7973194043415655e-11
1e-12,1e-12,8.308341930995944e-06,0.9999916882498301,3.408238268667152e-09
1e-12,1e-12,1.5942252316047956e-06,0.999998405557206,2.1756245515805154e-10
1e-12,2.2361001938975278e-11,0.00028165086629894365,0.9997171383592005,1.2107521391370711e-06
1e-12,6.483036329996139e-12,0.00018642775746580131,0.999812963654186,6.08581865109404e-07
1e-12,1e-12,7.5523809318633894e-06,0.9999924447118429,2.907224771915329e-09
1e-12,1e-12,3.052847820850246e-05,0.9999694417001811,2.982158200854709e-08
1e-12,1e-12,3.055971263155044e-06,0.9999969433851839,6.435530038131862e-10
1e-12,5.934541746910327e-11,0.00038990978926223274,0.9996080077950391,2.082356351460827e-06
1e-12,1e-12,1.0923289114672663e-05,0.9999890713331793,5.377704717259426e-09
1e-12,4.0103587117812367e-10,0.0007369142778257398,0.9992570658316542,6.019489457515043e-06
2.4576318757851823e-10,2.2222901363555536e-07,0.006022645617337563,0.9937757791992152,0.0002013527086704182
2.3569168949855168e-08,5.216210122283016e-06,0.017067110336405178,0.9817641116778665,0.0011635382064370588
0.5,1e-12,1e-12,1e-12,0.5
1e-12,1.6918200174131925e-10,0.0005527784677338277,0.9994434947237922,3.726639284186561e-06
1e-12,1.783218017692434e-11,0.0002611903012632588,0.9997377419780343,1.067702870044147e-06
1e-12,5.789368984210341e-12,0.00017952796355735767,0.9998199005302062,5.715004470337245e-07
1e-12,3.298694650766265e-12,0.0001488384792742714,0.999850743398704,4.181187231316626e-07
7.669642698715506e-12,2.0168774872431072e-08,0.002714965292560545,0.9972319394527682,5.307507822667364e-05
1e-12,1e-12,1.4367507225054865e-06,0.9999985630663397,1.8293778378997585e-10
1e-12,1e-12,1.331557951922413e-05,0.9999866769397637,7.480714654482844e-09
1e-12,1e-12,2.018242916901336e-06,0.9999979814347607,3.2232242537788565e-10
1e-12,1e-12,7.857388034659962e-07,0.9999992141942906,6.690587232008099e-11
1e-12,1e-12,4.902644964444036e-07,0.999999509705021,3.048253596771855e-11
1e-12,1e-12,1.9280720686687403e-08,0.9999999807191406,1e-12
1e-12,1e-12,3.8235745680736954e-09,0.9999999961764161,1e-12
1e-12,1e-12,1.3797076495070115e-05,0.9999861949865256,7.936976668930679e-09
1e-12,1e-12,2.05440955203251e-06,0.9999979452584415,3.320064566199349e-10
1e-12,1e-12,3.946861459880324e-08,0.9999999605309279,1e-12
1e-12,1e-12,1.0987965504138941e-07,0.9999998901178242,2.5207448698508265e-12
1e-12,1e-12,3.6824079524544473e-06,0.9999963167139235,8.781239683143484e-10
1e-12,1e-12,2.131730616328209e-05,0.9999786663041915,1.6389635475700482e-08
1e-12,1e-12,2.553648200787073e-06,0.9999974458747056,4.770936396213455e-10
1e-12,1e-12,8.838368199537427e-07,0.9999991160817807,8.139932240181788e-11
1e-12,1e-12,2.588774172807007e-08,0.9999999741120317,1e-12
0.5,1e-12,1e-12,1e-12,0.5
1e-12,1.6918200174131925e-10,0.0005527784677338277,0.9994434947237922,3.726639284186561e-06
1.317650433207973e-10,1.4436623874125587e-07,0.005219981195554557,0.9946214380873392,0.00015843621910252592
1.725782772243889e-08,4.205575616977875e-06,0.015902168878370038,0.9830613772514304,0.0010322310367548194
1e-12,1e-12,7.03118423214244e-05,0.9999295683642753,1.1979305557162662e-07
1e-12,1e-12,4.637873297297368e-06,0.9999953608368657,1.289836976596949e-09
1e-12,1e-12,1.1911084770721558e-06,0.9999988087576828,1.338401417521792e-10
1e-12,1.4440892925904336e-11,0.0002434604505378024,0.9997555899003182,9.496347028314894e-07
1e-12,5.2098325653560096e-12,0.00017332716499618428,0.9998261338535218,5.389762721581657e-07
1.066902122204283e-11,2.5345737952875425e-08,0.0029292164300002144,0.9970104991242136,6.0259089379278616e-05
4.910765794008398e-09,1.764048877195279e-06,0.011947793743638968,0.9874136248976658,0.0006368123990522222
1.0535628147678722e-07,1.4669652964705016e-05,0.02393583183789505,0.9739815913385838,0.0020678018142750434
1e-12,1e-12,8.663155706867265e-05,0.9999131988043992,1.696378817740383e-07
1e-12,1.1055600879217309e-12,0.00010339196665631878,0.9998963802327498,2.2779948823564545e-07
1e-12,1.4415135751733033e-12,0.00011295140093892098,0.9998867846196449,2.6397797473310513e-07
4.21818135976082e-12,1.333363242039809e-08,0.0023659057945537576,0.9975919083640722,4.2172503523397025e-05
1e-12,1.583246866943e-10,0.0005406972098862539,0.9994557108191355,3.591812646594684e-06
1e-12,1.7250645356625682e-11,0.0002583194883154505,0.9997406322838316,1.0482106021503207e-06
2.5331958752872197e-11,4.611480874938678e-08,0.003573818407286544,0.9963421020787658,8.403337380692385e-05
7.566946291781562e-09,2.3786683333026915e-06,0.013184422661763118,0.9860612544430843,0.0007519366598729184
1.3078144678324577e-07,1.7029504805421425e-05,0.02512778574366603,0.9726083753666644,0.0022466786034173306
5.436992435159382e-07,4.547356926998258e-05,0.03454973761926394,0.9615242218572289,0.003880023254993743
0.5,1e-12,1e-12,1e-12,0.5
0.0015011822567370103,0.009485760373856178,0.17143858117576316,0.7417162961724001,0.07585818002124355
5.829126566114784e-05,0.00111121899939437,0.09417995463405393,0.8816731651908649,0.022977369910025615
2.5946134130094833e-11,4.688569177346835e-08,0.0035935556697822557,0.9963215863768563,8.481104172358075e-05
7.658114697939311e-09,2.398444224893659e-06,0.013220415649965567,0.9860217726149653,0.0007554056327295276
1e-12,1e-12,6.402006384131909e-05,0.9999358774714642,1.0246443210263697e-07
1.2325696019388488e-12,5.689795079533155e-09,0.0017821906313386648,0.9981915289044889,2.6274773144808218e-05
1.6691730220230738e-09,8.363806043298894e-07,0.00933918633527675,0.9902393881827943,0.0004205874321516123
6.142377806384047e-08,1.0108214463233622e-05,0.0211959505637479,0.9771129380966239,0.0016809417013868685
3.726095502143423e-07,3.505276140081115e-05,0.03176324343374404,0.9648443795788471,0.0033569516164578908
9.177249542524635e-07,6.519895118772823e-05,0.03879936753797164,0.9563931607822616,0.004741355003624826
1.4402626948850639e-06,8.888421645847355e-05,0.042852075054319316,0.95142390390507,0.005633696561457253
4.07829325865805e-12,1.3025994283211162e-08,0.002347609070500467,0.9976107488175693,4.162908185772805e-05
3.036164208936043e-09,1.265046897902522e-06,0.010706704729698258,0.9887626791616809,0.0005293480255587249
1e-12,1e-12,5.7538398580136985e-05,0.9999423758373209,8.576390846309451e-08
1e-12,1e-12,8.426158284202678e-05,0.9999155764431903,1.6197336930912505e-07
2.2355450823852152e-12,8.5913448577557e-09,0.0020440942012451835,0.9979228624348644,3.303477031007106e-05
1e-12,1.2708500918279242e-10,0.0005025185722835612,0.9994943023570149,3.1789436114882362e-06
1e-12,1e-12,1.2401415580232111e-05,0.9999875919399366,6.64448118269107e-09
1e-12,4.851303803121709e-10,0.0007851546551015387,0.9992081538535882,6.691006144819276e-06
1e-12,1e-12,3.8430211790618785e-08,0.9999999615693506,1e-12
1e-12,1e-12,2.687576827753446e-10,0.9999999997312422,1e-12
