"trial_type","trial_index","time_elapsed","internal_node_id","subject_id","task","startTime","totalTime","labels","view_history","rt","event","trial","time","trialtype","success","stimulus","key_press","aground","name","face","outcome","agenttype","agentswpt","agentcurrpshare","point_total","round"
"pavlovia","0","3","0.0-0.0","","bdp_trlrn","Mon Nov 08 2021 23:25:18 GMT-0500 (Eastern Standard Time)","760155","Untrustworthy,Trustworthy","","","","","","","","","","","","","","","","","",""
"instructions","1","6258","0.0-1.0","","bdp_trlrn","Mon Nov 08 2021 23:25:18 GMT-0500 (Eastern Standard Time)","760155","Untrustworthy,Trustworthy","[{""page_index"":0,""viewing_time"":6254}]","6255","","","","","","","","","","","","","","","",""
"","","","","","bdp_trlrn","Mon Nov 08 2021 23:25:18 GMT-0500 (Eastern Standard Time)","760155","Untrustworthy,Trustworthy","","","fullscreenenter","2","11961","fullscreenenter","","","","","","","","","","","",""
"fullscreen","2","12948","0.0-2.0","","bdp_trlrn","Mon Nov 08 2021 23:25:18 GMT-0500 (Eastern Standard Time)","760155","Untrustworthy,Trustworthy","","","","","","","true","","","","","","","","","","",""
"instructions","3","48740","0.0-4.0","","bdp_trlrn","Mon Nov 08 2021 23:25:18 GMT-0500 (Eastern Standard Time)","760155","Untrustworthy,Trustworthy","[{""page_index"":0,""viewing_time"":23778},{""page_index"":1,""viewing_time"":12013}]","35791","","","","","","","","","","","","","","","",""
"instructions","4","49970","0.0-5.0","","bdp_trlrn","Mon Nov 08 2021 23:25:18 GMT-0500 (Eastern Standard Time)","760155","Untrustworthy,Trustworthy","[{""page_index"":0,""viewing_time"":1230}]","1230","","","","","","","","","","","","","","","",""
"image-keyboard-response","5","55135","0.0-6.0-1.0","","bdp_trlrn","Mon Nov 08 2021 23:25:18 GMT-0500 (Eastern Standard Time)","760155","Untrustworthy,Trustworthy","","5056","","","","rating","","trustrating_stim/white_mw054.bmp","6","","","","","","","","",""
"image-keyboard-response","6","55338","0.0-6.0-2.0","","bdp_trlrn","Mon Nov 08 2021 23:25:18 GMT-0500 (Eastern Standard Time)","760155","Untrustworthy,Trustworthy","","null","","","","ratingFB","","trustrating_stim/white_mw054.bmp","null","","","","","","","","",""
"image-keyboard-response","7","57616","0.0-6.0-1.1","","bdp_trlrn","Mon Nov 08 2021 23:25:18 GMT-0500 (Eastern Standard Time)","760155","Untrustworthy,Trustworthy","","2172","","","","rating","","trustrating_stim/white_mw040.bmp","6","","","","","","","","",""
"image-keyboard-response","8","57818","0.0-6.0-2.1","","bdp_trlrn","Mon Nov 08 2021 23:25:18 GMT-0500 (Eastern Standard Time)","760155","Untrustworthy,Trustworthy","","null","","","","ratingFB","","trustrating_stim/white_mw040.bmp","null","","","","","","","","",""
"image-keyboard-response","9","59584","0.0-6.0-1.2","","bdp_trlrn","Mon Nov 08 2021 23:25:18 GMT-0500 (Eastern Standard Time)","760155","Untrustworthy,Trustworthy","","1664","","","","rating","","trustrating_stim/white_mw035.bmp","3","","","","","","","","",""
"image-keyboard-response","10","59789","0.0-6.0-2.2","","bdp_trlrn","Mon Nov 08 2021 23:25:18 GMT-0500 (Eastern Standard Time)","760155","Untrustworthy,Trustworthy","","null","","","","ratingFB","","trustrating_stim/white_mw035.bmp","null","","","","","","","","",""
"image-keyboard-response","11","64802","0.0-6.0-1.3","","bdp_trlrn","Mon Nov 08 2021 23:25:18 GMT-0500 (Eastern Standard Time)","760155","Untrustworthy,Trustworthy","","4909","","","","rating","","trustrating_stim/white_mw058.bmp","4","","","","","","","","",""
"image-keyboard-response","12","65007","0.0-6.0-2.3","","bdp_trlrn","Mon Nov 08 2021 23:25:18 GMT-0500 (Eastern Standard Time)","760155","Untrustworthy,Trustworthy","","null","","","","ratingFB","","trustrating_stim/white_mw058.bmp","null","","","","","","","","",""
"image-keyboard-response","13","67686","0.0-6.0-1.4","","bdp_trlrn","Mon Nov 08 2021 23:25:18 GMT-0500 (Eastern Standard Time)","760155","Untrustworthy,Trustworthy","","2577","","","","rating","","trustrating_stim/white_mw071.bmp","7","","","","","","","","",""
"image-keyboard-response","14","67891","0.0-6.0-2.4","","bdp_trlrn","Mon Nov 08 2021 23:25:18 GMT-0500 (Eastern Standard Time)","760155","Untrustworthy,Trustworthy","","null","","","","ratingFB","","trustrating_stim/white_mw071.bmp","null","","","","","","","","",""
"image-keyboard-response","15","71060","0.0-6.0-1.5","","bdp_trlrn","Mon Nov 08 2021 23:25:18 GMT-0500 (Eastern Standard Time)","760155","Untrustworthy,Trustworthy","","3066","","","","rating","","trustrating_stim/white_00807_941205_fb_edt.bmp","2","","","","","","","","",""
"image-keyboard-response","16","71263","0.0-6.0-2.5","","bdp_trlrn","Mon Nov 08 2021 23:25:18 GMT-0500 (Eastern Standard Time)","760155","Untrustworthy,Trustworthy","","null","","","","ratingFB","","trustrating_stim/white_00807_941205_fb_edt.bmp","null","","","","","","","","",""
"image-keyboard-response","17","73386","0.0-6.0-1.6","","bdp_trlrn","Mon Nov 08 2021 23:25:18 GMT-0500 (Eastern Standard Time)","760155","Untrustworthy,Trustworthy","","2021","","","","rating","","trustrating_stim/white_00657_941121_fa_edt.bmp","4","","","","","","","","",""
"image-keyboard-response","18","73588","0.0-6.0-2.6","","bdp_trlrn","Mon Nov 08 2021 23:25:18 GMT-0500 (Eastern Standard Time)","760155","Untrustworthy,Trustworthy","","null","","","","ratingFB","","trustrating_stim/white_00657_941121_fa_edt.bmp","null","","","","","","","","",""
"image-keyboard-response","19","75558","0.0-6.0-1.7","","bdp_trlrn","Mon Nov 08 2021 23:25:18 GMT-0500 (Eastern Standard Time)","760155","Untrustworthy,Trustworthy","","1868","","","","rating","","trustrating_stim/white_00897_960530_fb_edt.bmp","2","","","","","","","","",""
"image-keyboard-response","20","75764","0.0-6.0-2.7","","bdp_trlrn","Mon Nov 08 2021 23:25:18 GMT-0500 (Eastern Standard Time)","760155","Untrustworthy,Trustworthy","","null","","","","ratingFB","","trustrating_stim/white_00897_960530_fb_edt.bmp","null","","","","","","","","",""
"image-keyboard-response","21","77627","0.0-6.0-1.8","","bdp_trlrn","Mon Nov 08 2021 23:25:18 GMT-0500 (Eastern Standard Time)","760155","Untrustworthy,Trustworthy","","1761","","","","rating","","trustrating_stim/white_00761_941201_fb_edt.bmp","6","","","","","","","","",""
"image-keyboard-response","22","77833","0.0-6.0-2.8","","bdp_trlrn","Mon Nov 08 2021 23:25:18 GMT-0500 (Eastern Standard Time)","760155","Untrustworthy,Trustworthy","","null","","","","ratingFB","","trustrating_stim/white_00761_941201_fb_edt.bmp","null","","","","","","","","",""
"image-keyboard-response","23","80198","0.0-6.0-1.9","","bdp_trlrn","Mon Nov 08 2021 23:25:18 GMT-0500 (Eastern Standard Time)","760155","Untrustworthy,Trustworthy","","2262","","","","rating","","trustrating_stim/white_mw080.bmp","4","","","","","","","","",""
"image-keyboard-response","24","80404","0.0-6.0-2.9","","bdp_trlrn","Mon Nov 08 2021 23:25:18 GMT-0500 (Eastern Standard Time)","760155","Untrustworthy,Trustworthy","","null","","","","ratingFB","","trustrating_stim/white_mw080.bmp","null","","","","","","","","",""
"image-keyboard-response","25","82197","0.0-6.0-1.10","","bdp_trlrn","Mon Nov 08 2021 23:25:18 GMT-0500 (Eastern Standard Time)","760155","Untrustworthy,Trustworthy","","1691","","","","rating","","trustrating_stim/white_mw022.bmp","6","","","","","","","","",""
"image-keyboard-response","26","82399","0.0-6.0-2.10","","bdp_trlrn","Mon Nov 08 2021 23:25:18 GMT-0500 (Eastern Standard Time)","760155","Untrustworthy,Trustworthy","","null","","","","ratingFB","","trustrating_stim/white_mw022.bmp","null","","","","","","","","",""
"image-keyboard-response","27","84040","0.0-6.0-1.11","","bdp_trlrn","Mon Nov 08 2021 23:25:18 GMT-0500 (Eastern Standard Time)","760155","Untrustworthy,Trustworthy","","1539","","","","rating","","trustrating_stim/white_mw004.bmp","6","","","","","","","","",""
"image-keyboard-response","28","84244","0.0-6.0-2.11","","bdp_trlrn","Mon Nov 08 2021 23:25:18 GMT-0500 (Eastern Standard Time)","760155","Untrustworthy,Trustworthy","","null","","","","ratingFB","","trustrating_stim/white_mw004.bmp","null","","","","","","","","",""
"image-keyboard-response","29","85685","0.0-6.0-1.12","","bdp_trlrn","Mon Nov 08 2021 23:25:18 GMT-0500 (Eastern Standard Time)","760155","Untrustworthy,Trustworthy","","1340","","","","rating","","trustrating_stim/white_00109_931230_fa_edt.bmp","7","","","","","","","","",""
"image-keyboard-response","30","85889","0.0-6.0-2.12","","bdp_trlrn","Mon Nov 08 2021 23:25:18 GMT-0500 (Eastern Standard Time)","760155","Untrustworthy,Trustworthy","","null","","","","ratingFB","","trustrating_stim/white_00109_931230_fa_edt.bmp","null","","","","","","","","",""
"image-keyboard-response","31","87980","0.0-6.0-1.13","","bdp_trlrn","Mon Nov 08 2021 23:25:18 GMT-0500 (Eastern Standard Time)","760155","Untrustworthy,Trustworthy","","1985","","","","rating","","trustrating_stim/white_mw012.bmp","7","","","","","","","","",""
"image-keyboard-response","32","88185","0.0-6.0-2.13","","bdp_trlrn","Mon Nov 08 2021 23:25:18 GMT-0500 (Eastern Standard Time)","760155","Untrustworthy,Trustworthy","","null","","","","ratingFB","","trustrating_stim/white_mw012.bmp","null","","","","","","","","",""
"image-keyboard-response","33","90336","0.0-6.0-1.14","","bdp_trlrn","Mon Nov 08 2021 23:25:18 GMT-0500 (Eastern Standard Time)","760155","Untrustworthy,Trustworthy","","2049","","","","rating","","trustrating_stim/white_mw025.bmp","4","","","","","","","","",""
"image-keyboard-response","34","90543","0.0-6.0-2.14","","bdp_trlrn","Mon Nov 08 2021 23:25:18 GMT-0500 (Eastern Standard Time)","760155","Untrustworthy,Trustworthy","","null","","","","ratingFB","","trustrating_stim/white_mw025.bmp","null","","","","","","","","",""
"image-keyboard-response","35","93015","0.0-6.0-1.15","","bdp_trlrn","Mon Nov 08 2021 23:25:18 GMT-0500 (Eastern Standard Time)","760155","Untrustworthy,Trustworthy","","2369","","","","rating","","trustrating_stim/white_00757_941201_fa_edt.bmp","1","","","","","","","","",""
"image-keyboard-response","36","93220","0.0-6.0-2.15","","bdp_trlrn","Mon Nov 08 2021 23:25:18 GMT-0500 (Eastern Standard Time)","760155","Untrustworthy,Trustworthy","","null","","","","ratingFB","","trustrating_stim/white_00757_941201_fa_edt.bmp","null","","","","","","","","",""
"image-keyboard-response","37","96559","0.0-6.0-1.16","","bdp_trlrn","Mon Nov 08 2021 23:25:18 GMT-0500 (Eastern Standard Time)","760155","Untrustworthy,Trustworthy","","3237","","","","rating","","trustrating_stim/white_00785_941205_fb_edt.bmp","3","","","","","","","","",""
"image-keyboard-response","38","96761","0.0-6.0-2.16","","bdp_trlrn","Mon Nov 08 2021 23:25:18 GMT-0500 (Eastern Standard Time)","760155","Untrustworthy,Trustworthy","","null","","","","ratingFB","","trustrating_stim/white_00785_941205_fb_edt.bmp","null","","","","","","","","",""
"image-keyboard-response","39","98190","0.0-6.0-1.17","","bdp_trlrn","Mon Nov 08 2021 23:25:18 GMT-0500 (Eastern Standard Time)","760155","Untrustworthy,Trustworthy","","1327","","","","rating","","trustrating_stim/white_mw043.bmp","3","","","","","","","","",""
"image-keyboard-response","40","98393","0.0-6.0-2.17","","bdp_trlrn","Mon Nov 08 2021 23:25:18 GMT-0500 (Eastern Standard Time)","760155","Untrustworthy,Trustworthy","","null","","","","ratingFB","","trustrating_stim/white_mw043.bmp","null","","","","","","","","",""
"image-keyboard-response","41","99855","0.0-6.0-1.18","","bdp_trlrn","Mon Nov 08 2021 23:25:18 GMT-0500 (Eastern Standard Time)","760155","Untrustworthy,Trustworthy","","1356","","","","rating","","trustrating_stim/white_00658_941121_fb_edt.bmp","4","","","","","","","","",""
"image-keyboard-response","42","100057","0.0-6.0-2.18","","bdp_trlrn","Mon Nov 08 2021 23:25:18 GMT-0500 (Eastern Standard Time)","760155","Untrustworthy,Trustworthy","","null","","","","ratingFB","","trustrating_stim/white_00658_941121_fb_edt.bmp","null","","","","","","","","",""
"image-keyboard-response","43","102102","0.0-6.0-1.19","","bdp_trlrn","Mon Nov 08 2021 23:25:18 GMT-0500 (Eastern Standard Time)","760155","Untrustworthy,Trustworthy","","1943","","","","rating","","trustrating_stim/white_mw072.bmp","2","","","","","","","","",""
"image-keyboard-response","44","102308","0.0-6.0-2.19","","bdp_trlrn","Mon Nov 08 2021 23:25:18 GMT-0500 (Eastern Standard Time)","760155","Untrustworthy,Trustworthy","","null","","","","ratingFB","","trustrating_stim/white_mw072.bmp","null","","","","","","","","",""
"image-keyboard-response","45","107799","0.0-6.0-1.20","","bdp_trlrn","Mon Nov 08 2021 23:25:18 GMT-0500 (Eastern Standard Time)","760155","Untrustworthy,Trustworthy","","5389","","","","rating","","trustrating_stim/white_00253_940128_fa_edt.bmp","6","","","","","","","","",""
"image-keyboard-response","46","108004","0.0-6.0-2.20","","bdp_trlrn","Mon Nov 08 2021 23:25:18 GMT-0500 (Eastern Standard Time)","760155","Untrustworthy,Trustworthy","","null","","","","ratingFB","","trustrating_stim/white_00253_940128_fa_edt.bmp","null","","","","","","","","",""
"image-keyboard-response","47","110233","0.0-6.0-1.21","","bdp_trlrn","Mon Nov 08 2021 23:25:18 GMT-0500 (Eastern Standard Time)","760155","Untrustworthy,Trustworthy","","2127","","","","rating","","trustrating_stim/white_mw097.bmp","2","","","","","","","","",""
"image-keyboard-response","48","110436","0.0-6.0-2.21","","bdp_trlrn","Mon Nov 08 2021 23:25:18 GMT-0500 (Eastern Standard Time)","760155","Untrustworthy,Trustworthy","","null","","","","ratingFB","","trustrating_stim/white_mw097.bmp","null","","","","","","","","",""
"image-keyboard-response","49","113677","0.0-6.0-1.22","","bdp_trlrn","Mon Nov 08 2021 23:25:18 GMT-0500 (Eastern Standard Time)","760155","Untrustworthy,Trustworthy","","3140","","","","rating","","trustrating_stim/white_mw066.bmp","6","","","","","","","","",""
"image-keyboard-response","50","113881","0.0-6.0-2.22","","bdp_trlrn","Mon Nov 08 2021 23:25:18 GMT-0500 (Eastern Standard Time)","760155","Untrustworthy,Trustworthy","","null","","","","ratingFB","","trustrating_stim/white_mw066.bmp","null","","","","","","","","",""
"image-keyboard-response","51","115196","0.0-6.0-1.23","","bdp_trlrn","Mon Nov 08 2021 23:25:18 GMT-0500 (Eastern Standard Time)","760155","Untrustworthy,Trustworthy","","1214","","","","rating","","trustrating_stim/white_mw044.bmp","7","","","","","","","","",""
"image-keyboard-response","52","115401","0.0-6.0-2.23","","bdp_trlrn","Mon Nov 08 2021 23:25:18 GMT-0500 (Eastern Standard Time)","760155","Untrustworthy,Trustworthy","","null","","","","ratingFB","","trustrating_stim/white_mw044.bmp","null","","","","","","","","",""
"image-keyboard-response","53","116840","0.0-6.0-1.24","","bdp_trlrn","Mon Nov 08 2021 23:25:18 GMT-0500 (Eastern Standard Time)","760155","Untrustworthy,Trustworthy","","1337","","","","rating","","trustrating_stim/white_mw013.bmp","3","","","","","","","","",""
"image-keyboard-response","54","117044","0.0-6.0-2.24","","bdp_trlrn","Mon Nov 08 2021 23:25:18 GMT-0500 (Eastern Standard Time)","760155","Untrustworthy,Trustworthy","","null","","","","ratingFB","","trustrating_stim/white_mw013.bmp","null","","","","","","","","",""
"image-keyboard-response","55","119000","0.0-6.0-1.25","","bdp_trlrn","Mon Nov 08 2021 23:25:18 GMT-0500 (Eastern Standard Time)","760155","Untrustworthy,Trustworthy","","1854","","","","rating","","trustrating_stim/white_mw046.bmp","6","","","","","","","","",""
"image-keyboard-response","56","119203","0.0-6.0-2.25","","bdp_trlrn","Mon Nov 08 2021 23:25:18 GMT-0500 (Eastern Standard Time)","760155","Untrustworthy,Trustworthy","","null","","","","ratingFB","","trustrating_stim/white_mw046.bmp","null","","","","","","","","",""
"image-keyboard-response","57","120873","0.0-6.0-1.26","","bdp_trlrn","Mon Nov 08 2021 23:25:18 GMT-0500 (Eastern Standard Time)","760155","Untrustworthy,Trustworthy","","1566","","","","rating","","trustrating_stim/white_mw051.bmp","6","","","","","","","","",""
"image-keyboard-response","58","121076","0.0-6.0-2.26","","bdp_trlrn","Mon Nov 08 2021 23:25:18 GMT-0500 (Eastern Standard Time)","760155","Untrustworthy,Trustworthy","","null","","","","ratingFB","","trustrating_stim/white_mw051.bmp","null","","","","","","","","",""
"image-keyboard-response","59","122600","0.0-6.0-1.27","","bdp_trlrn","Mon Nov 08 2021 23:25:18 GMT-0500 (Eastern Standard Time)","760155","Untrustworthy,Trustworthy","","1421","","","","rating","","trustrating_stim/white_mw099.bmp","6","","","","","","","","",""
"image-keyboard-response","60","122804","0.0-6.0-2.27","","bdp_trlrn","Mon Nov 08 2021 23:25:18 GMT-0500 (Eastern Standard Time)","760155","Untrustworthy,Trustworthy","","null","","","","ratingFB","","trustrating_stim/white_mw099.bmp","null","","","","","","","","",""
"image-keyboard-response","61","124425","0.0-6.0-1.28","","bdp_trlrn","Mon Nov 08 2021 23:25:18 GMT-0500 (Eastern Standard Time)","760155","Untrustworthy,Trustworthy","","1520","","","","rating","","trustrating_stim/white_mw089.bmp","6","","","","","","","","",""
"image-keyboard-response","62","124628","0.0-6.0-2.28","","bdp_trlrn","Mon Nov 08 2021 23:25:18 GMT-0500 (Eastern Standard Time)","760155","Untrustworthy,Trustworthy","","null","","","","ratingFB","","trustrating_stim/white_mw089.bmp","null","","","","","","","","",""
"image-keyboard-response","63","128451","0.0-6.0-1.29","","bdp_trlrn","Mon Nov 08 2021 23:25:18 GMT-0500 (Eastern Standard Time)","760155","Untrustworthy,Trustworthy","","3721","","","","rating","","trustrating_stim/white_mw016.bmp","3","","","","","","","","",""
"image-keyboard-response","64","128654","0.0-6.0-2.29","","bdp_trlrn","Mon Nov 08 2021 23:25:18 GMT-0500 (Eastern Standard Time)","760155","Untrustworthy,Trustworthy","","null","","","","ratingFB","","trustrating_stim/white_mw016.bmp","null","","","","","","","","",""
"image-keyboard-response","65","130439","0.0-6.0-1.30","","bdp_trlrn","Mon Nov 08 2021 23:25:18 GMT-0500 (Eastern Standard Time)","760155","Untrustworthy,Trustworthy","","1682","","","","rating","","trustrating_stim/white_00120_931230_fa_edt.bmp","9","","","","","","","","",""
"image-keyboard-response","66","130644","0.0-6.0-2.30","","bdp_trlrn","Mon Nov 08 2021 23:25:18 GMT-0500 (Eastern Standard Time)","760155","Untrustworthy,Trustworthy","","null","","","","ratingFB","","trustrating_stim/white_00120_931230_fa_edt.bmp","null","","","","","","","","",""
"image-keyboard-response","67","134978","0.0-6.0-1.31","","bdp_trlrn","Mon Nov 08 2021 23:25:18 GMT-0500 (Eastern Standard Time)","760155","Untrustworthy,Trustworthy","","4232","","","","rating","","trustrating_stim/white_mw006.bmp","2","","","","","","","","",""
"image-keyboard-response","68","135181","0.0-6.0-2.31","","bdp_trlrn","Mon Nov 08 2021 23:25:18 GMT-0500 (Eastern Standard Time)","760155","Untrustworthy,Trustworthy","","null","","","","ratingFB","","trustrating_stim/white_mw006.bmp","null","","","","","","","","",""
"image-keyboard-response","69","138064","0.0-6.0-1.32","","bdp_trlrn","Mon Nov 08 2021 23:25:18 GMT-0500 (Eastern Standard Time)","760155","Untrustworthy,Trustworthy","","2775","","","","rating","","trustrating_stim/white_00602_940928_fb_edt.bmp","9","","","","","","","","",""
"image-keyboard-response","70","138268","0.0-6.0-2.32","","bdp_trlrn","Mon Nov 08 2021 23:25:18 GMT-0500 (Eastern Standard Time)","760155","Untrustworthy,Trustworthy","","null","","","","ratingFB","","trustrating_stim/white_00602_940928_fb_edt.bmp","null","","","","","","","","",""
"image-keyboard-response","71","139916","0.0-6.0-1.33","","bdp_trlrn","Mon Nov 08 2021 23:25:18 GMT-0500 (Eastern Standard Time)","760155","Untrustworthy,Trustworthy","","1544","","","","rating","","trustrating_stim/white_mw085.bmp","4","","","","","","","","",""
"image-keyboard-response","72","140121","0.0-6.0-2.33","","bdp_trlrn","Mon Nov 08 2021 23:25:18 GMT-0500 (Eastern Standard Time)","760155","Untrustworthy,Trustworthy","","null","","","","ratingFB","","trustrating_stim/white_mw085.bmp","null","","","","","","","","",""
"image-keyboard-response","73","142177","0.0-6.0-1.34","","bdp_trlrn","Mon Nov 08 2021 23:25:18 GMT-0500 (Eastern Standard Time)","760155","Untrustworthy,Trustworthy","","1953","","","","rating","","trustrating_stim/white_mw082.bmp","6","","","","","","","","",""
"image-keyboard-response","74","142382","0.0-6.0-2.34","","bdp_trlrn","Mon Nov 08 2021 23:25:18 GMT-0500 (Eastern Standard Time)","760155","Untrustworthy,Trustworthy","","null","","","","ratingFB","","trustrating_stim/white_mw082.bmp","null","","","","","","","","",""
"image-keyboard-response","75","143954","0.0-6.0-1.35","","bdp_trlrn","Mon Nov 08 2021 23:25:18 GMT-0500 (Eastern Standard Time)","760155","Untrustworthy,Trustworthy","","1469","","","","rating","","trustrating_stim/white_00223_940128_fb_edt.bmp","2","","","","","","","","",""
"image-keyboard-response","76","144158","0.0-6.0-2.35","","bdp_trlrn","Mon Nov 08 2021 23:25:18 GMT-0500 (Eastern Standard Time)","760155","Untrustworthy,Trustworthy","","null","","","","ratingFB","","trustrating_stim/white_00223_940128_fb_edt.bmp","null","","","","","","","","",""
"image-keyboard-response","77","146447","0.0-6.0-1.36","","bdp_trlrn","Mon Nov 08 2021 23:25:18 GMT-0500 (Eastern Standard Time)","760155","Untrustworthy,Trustworthy","","2183","","","","rating","","trustrating_stim/white_mw057.bmp","2","","","","","","","","",""
"image-keyboard-response","78","146654","0.0-6.0-2.36","","bdp_trlrn","Mon Nov 08 2021 23:25:18 GMT-0500 (Eastern Standard Time)","760155","Untrustworthy,Trustworthy","","null","","","","ratingFB","","trustrating_stim/white_mw057.bmp","null","","","","","","","","",""
"image-keyboard-response","79","148262","0.0-6.0-1.37","","bdp_trlrn","Mon Nov 08 2021 23:25:18 GMT-0500 (Eastern Standard Time)","760155","Untrustworthy,Trustworthy","","1505","","","","rating","","trustrating_stim/white_00960_960627_fb_edt.bmp","2","","","","","","","","",""
"image-keyboard-response","80","148465","0.0-6.0-2.37","","bdp_trlrn","Mon Nov 08 2021 23:25:18 GMT-0500 (Eastern Standard Time)","760155","Untrustworthy,Trustworthy","","null","","","","ratingFB","","trustrating_stim/white_00960_960627_fb_edt.bmp","null","","","","","","","","",""
"image-keyboard-response","81","150993","0.0-6.0-1.38","","bdp_trlrn","Mon Nov 08 2021 23:25:18 GMT-0500 (Eastern Standard Time)","760155","Untrustworthy,Trustworthy","","2423","","","","rating","","trustrating_stim/white_mw084.bmp","6","","","","","","","","",""
"image-keyboard-response","82","151197","0.0-6.0-2.38","","bdp_trlrn","Mon Nov 08 2021 23:25:18 GMT-0500 (Eastern Standard Time)","760155","Untrustworthy,Trustworthy","","null","","","","ratingFB","","trustrating_stim/white_mw084.bmp","null","","","","","","","","",""
"image-keyboard-response","83","152725","0.0-6.0-1.39","","bdp_trlrn","Mon Nov 08 2021 23:25:18 GMT-0500 (Eastern Standard Time)","760155","Untrustworthy,Trustworthy","","1426","","","","rating","","trustrating_stim/white_mw019.bmp","7","","","","","","","","",""
"image-keyboard-response","84","152928","0.0-6.0-2.39","","bdp_trlrn","Mon Nov 08 2021 23:25:18 GMT-0500 (Eastern Standard Time)","760155","Untrustworthy,Trustworthy","","null","","","","ratingFB","","trustrating_stim/white_mw019.bmp","null","","","","","","","","",""
"instructions","85","155408","0.0-7.0","","bdp_trlrn","Mon Nov 08 2021 23:25:18 GMT-0500 (Eastern Standard Time)","760155","Untrustworthy,Trustworthy","[{""page_index"":0,""viewing_time"":2376}]","2376","","","","","","","","","","","","","","","",""
"instructions","86","342215","0.0-8.0","","bdp_trlrn","Mon Nov 08 2021 23:25:18 GMT-0500 (Eastern Standard Time)","760155","Untrustworthy,Trustworthy","[{""page_index"":0,""viewing_time"":35474},{""page_index"":1,""viewing_time"":19175},{""page_index"":2,""viewing_time"":5776},{""page_index"":3,""viewing_time"":34799},{""page_index"":4,""viewing_time"":14576},{""page_index"":5,""viewing_time"":45865},{""page_index"":6,""viewing_time"":22374},{""page_index"":5,""viewing_time"":5114},{""page_index"":6,""viewing_time"":3550}]","186703","","","","","","","","","","","","","","","",""
"html-keyboard-response","87","352042","0.0-9.0","","bdp_trlrn","Mon Nov 08 2021 23:25:18 GMT-0500 (Eastern Standard Time)","760155","Untrustworthy,Trustworthy","","9826","","","","","","<div class='header' style='text-align:left; position: absolute; top: 5%; left: 5%;'><small>Task 3 of 4</small></div><div style='text-align:left; position: absolute; top: 10%; left: 20%; width: 60%'><p><strong>1) What is the minimum number of points you can choose to send to your partner?</strong></p><p>a) 0</p><p>b) 1</p><p>c) 5</p>","C","","","","","","","","",""
"html-keyboard-response","88","365633","0.0-10.0","","bdp_trlrn","Mon Nov 08 2021 23:25:18 GMT-0500 (Eastern Standard Time)","760155","Untrustworthy,Trustworthy","","13490","","","","","","<div class='header' style='text-align:left; position: absolute; top: 5%; left: 5%;'><small>Task 3 of 4</small></div><div style='text-align:left; position: absolute; top: 10%; left: 20%; width: 60%'><p><strong>1) What is the minimum number of points you can choose to send to your partner?</strong></p><p>a) 1</p><p>b) 1</p><p style='color:#FF0000'>c) 5</p><h3 style='color:#FF0000'>Incorrect!</h3><h3 class='center-content'>The correct response is b).</h3><h3 class='center-content'>The minimum number of points you can choose to send to your partner is 1 point.</h3><p><em>Press SPACEBAR to continue</em></p></div>"," ","","","","","","","","",""
"html-keyboard-response","89","370782","0.0-11.0","","bdp_trlrn","Mon Nov 08 2021 23:25:18 GMT-0500 (Eastern Standard Time)","760155","Untrustworthy,Trustworthy","","5047","","","","","","<div class='header' style='text-align:left; position: absolute; top: 5%; left: 5%;'><small>Task 3 of 4</small></div><div style='text-align:left; position: absolute; top: 10%; left: 20%; width: 60%'><p><strong>2) What is the maximum number of points you can choose to send to your partner?</strong></p><p>a) 8</p><p>b) 5</p><p>c) 3</p>","B","","","","","","","","",""
"html-keyboard-response","90","372669","0.0-12.0","","bdp_trlrn","Mon Nov 08 2021 23:25:18 GMT-0500 (Eastern Standard Time)","760155","Untrustworthy,Trustworthy","","1782","","","","","","<div class='header' style='text-align:left; position: absolute; top: 5%; left: 5%;'><small>Task 3 of 4</small></div><div style='text-align:left; position: absolute; top: 10%; left: 20%; width: 60%'><p><strong>2) What is the maximum number of points you can choose to send to your partner?</strong></p><p>a) 8</p><p style='color:#00FF00'>b) 5</p><p>c) 3</p><h3 style='color:#00FF00'>Correct!</h3><h3 class='center-content'>The correct response is b).</h3><h3 class='center-content'>The maximum number of points you can choose to send to your partner is 5 points.</h3><p><em>Press SPACEBAR to continue</em></p></div>"," ","","","","","","","","",""
"html-keyboard-response","91","377636","0.0-13.0","","bdp_trlrn","Mon Nov 08 2021 23:25:18 GMT-0500 (Eastern Standard Time)","760155","Untrustworthy,Trustworthy","","4860","","","","","","<div class='header' style='text-align:left; position: absolute; top: 5%; left: 5%;'><small>Task 3 of 4</small></div><div style='text-align:left; position: absolute; top: 10%; left: 20%; width: 60%'><p><strong>3) What happens to the amount of points you send to your partner?</strong></p><p>a) Nothing</p><p>b) It doubles</p><p>c) It quadruples</p>","B","","","","","","","","",""
"html-keyboard-response","92","380749","0.0-14.0","","bdp_trlrn","Mon Nov 08 2021 23:25:18 GMT-0500 (Eastern Standard Time)","760155","Untrustworthy,Trustworthy","","3008","","","","","","<div class='header' style='text-align:left; position: absolute; top: 5%; left: 5%;'><small>Task 3 of 4</small></div><div style='text-align:left; position: absolute; top: 10%; left: 20%; width: 60%'><p><strong>3) What happens to the amount of points you send to your partner?</strong></p><p>a) Nothing</p><p style='color:#FF0000'>b) It doubles</p><p>c) It quadruples</p><h3 style='color:#FF0000'>Incorrect!</h3><h3 class='center-content'>The correct response is c).</h3><h3 class='center-content'>The amount of points you send to your partner quadruples.</h3><p><em>Press SPACEBAR to continue</em></p></div>"," ","","","","","","","","",""
"html-keyboard-response","93","425081","0.0-15.0","","bdp_trlrn","Mon Nov 08 2021 23:25:18 GMT-0500 (Eastern Standard Time)","760155","Untrustworthy,Trustworthy","","44230","","","","","","<div class='header' style='text-align:left; position: absolute; top: 5%; left: 5%;'><small>Task 3 of 4</small></div><div style='text-align:left; position: absolute; top: 10%; left: 20%; width: 60%'><p><strong>4) If you decide to share 4 out of 5 points with your partner, and he decided to share half of what he received, how many points would you end up with in this round?</strong></p><p>a) 16</p><p>b) 0</p><p>c) 9</p>","B","","","","","","","","",""
"html-keyboard-response","94","438284","0.0-16.0","","bdp_trlrn","Mon Nov 08 2021 23:25:18 GMT-0500 (Eastern Standard Time)","760155","Untrustworthy,Trustworthy","","13097","","","","","","<div class='header' style='text-align:left; position: absolute; top: 5%; left: 5%;'><small>Task 3 of 4</small></div><div style='text-align:left; position: absolute; top: 10%; left: 20%; width: 60%'><p><strong>4) If you decide to share 4 points with your partner, and he decided to share half of what he received, how many points would you end up with in this round?</strong></p><p>a) 16</p><p style='color:#FF0000'>b) 0</p><p>c) 9</p><h3 style='color:#FF0000'>Incorrect!</h3><h3 class='center-content'>The correct response is c).</h3><h3 class='center-content'>If you share 4 out of 5 points with your partner and he decided to share half with you, you would receive 8 points back (i.e. (4 x 4)/2 = 8), totaling to 9 points altogether.</h3><p><em>Press SPACEBAR to continue</em></p></div>"," ","","","","","","","","",""
"instructions","95","440581","0.0-17.0","","bdp_trlrn","Mon Nov 08 2021 23:25:18 GMT-0500 (Eastern Standard Time)","760155","Untrustworthy,Trustworthy","[{""page_index"":0,""viewing_time"":2197}]","2197","","","","","","","","","","","","","","","",""
"html-keyboard-response","96","445508","0.0-18.0-1.0","","bdp_trlrn","Mon Nov 08 2021 23:25:18 GMT-0500 (Eastern Standard Time)","760155","Untrustworthy,Trustworthy","","4822","","","","decision","","<div class='trialDiv'><img src='trustrating_stim/white_00785_941205_fb_edt.bmp'><br><font class='baseline'><strong>Brian</strong><p>Choose number of points to send.</font><div class='respPicDiv'><img src='img/responseButtonOffersNo0L.png' class='respPic'></div></div>","3","1","Brian","trustrating_stim/white_00785_941205_fb_edt.bmp","Kept","0.2,0.6","14","0.2","5","1"
"html-keyboard-response","97","445766","0.0-18.0-2.0","","bdp_trlrn","Mon Nov 08 2021 23:25:18 GMT-0500 (Eastern Standard Time)","760155","Untrustworthy,Trustworthy","","null","","","","decisionFB","","<div class='trialDiv'><img src='trustrating_stim/white_00785_941205_fb_edt.bmp'><br><font class='baseline'><strong>Brian</strong><p>Choose number of points to send.</font><div class='respPicDiv'><img src='img/responseButtonOffersNo0L3.png' class='respPic'></div></div>","null","1","Brian","trustrating_stim/white_00785_941205_fb_edt.bmp","Kept","0.2,0.6","14","0.2","2","1"
"html-keyboard-response","98","446774","0.0-18.0-3.0","","bdp_trlrn","Mon Nov 08 2021 23:25:18 GMT-0500 (Eastern Standard Time)","760155","Untrustworthy,Trustworthy","","null","","","","feedback","","<div class='trialDiv'><img src='trustrating_stim/white_00785_941205_fb_edt.bmp'><br><font class='baseline'><strong>Brian</strong><p>Received: <strong>12</strong></font> &nbsp; &nbsp; &nbsp; &nbsp; &nbsp; &nbsp;<font class='negOutcome'>Shared back: <strong>0</strong></font></font><div class='respPicDiv'><img src='img/responseButtonOffersNo0_wht.png' class='respPic'></div></div>","null","1","Brian","trustrating_stim/white_00785_941205_fb_edt.bmp","Kept","0.2,0.6","14","0.2","2","1"
"html-keyboard-response","99","457432","0.0-18.0-1.1","","bdp_trlrn","Mon Nov 08 2021 23:25:18 GMT-0500 (Eastern Standard Time)","760155","Untrustworthy,Trustworthy","","10655","","","","decision","","<div class='trialDiv'><img src='trustrating_stim/white_mw035.bmp'><br><font class='baseline'><strong>Nathan</strong><p>Choose number of points to send.</font><div class='respPicDiv'><img src='img/responseButtonOffersNo0L.png' class='respPic'></div></div>","5","1","Nathan","trustrating_stim/white_mw035.bmp","Shared","0.6,0.2","12","0.6","7","2"
"html-keyboard-response","100","457685","0.0-18.0-2.1","","bdp_trlrn","Mon Nov 08 2021 23:25:18 GMT-0500 (Eastern Standard Time)","760155","Untrustworthy,Trustworthy","","null","","","","decisionFB","","<div class='trialDiv'><img src='trustrating_stim/white_mw035.bmp'><br><font class='baseline'><strong>Nathan</strong><p>Choose number of points to send.</font><div class='respPicDiv'><img src='img/responseButtonOffersNo0L5.png' class='respPic'></div></div>","null","1","Nathan","trustrating_stim/white_mw035.bmp","Shared","0.6,0.2","12","0.6","2","2"
"html-keyboard-response","101","458688","0.0-18.0-3.1","","bdp_trlrn","Mon Nov 08 2021 23:25:18 GMT-0500 (Eastern Standard Time)","760155","Untrustworthy,Trustworthy","","null","","","","feedback","","<div class='trialDiv'><img src='trustrating_stim/white_mw035.bmp'><br><font class='baseline'><strong>Nathan</strong><p>Received: <strong>20</strong></font> &nbsp; &nbsp; &nbsp; &nbsp; &nbsp; &nbsp;<font class='posOutcome'>Shared back: <strong>10</strong></font></font><div class='respPicDiv'><img src='img/responseButtonOffersNo0_wht.png' class='respPic'></div></div>","null","1","Nathan","trustrating_stim/white_mw035.bmp","Shared","0.6,0.2","12","0.6","12","2"
"html-keyboard-response","102","461756","0.0-18.0-1.2","","bdp_trlrn","Mon Nov 08 2021 23:25:18 GMT-0500 (Eastern Standard Time)","760155","Untrustworthy,Trustworthy","","3065","","","","decision","","<div class='trialDiv'><img src='trustrating_stim/white_mw089.bmp'><br><font class='baseline'><strong>Chris</strong><p>Choose number of points to send.</font><div class='respPicDiv'><img src='img/responseButtonOffersNo0L.png' class='respPic'></div></div>","5","1","Chris","trustrating_stim/white_mw089.bmp","Kept","0.4,0.8","14","0.4","17","3"
"html-keyboard-response","103","462013","0.0-18.0-2.2","","bdp_trlrn","Mon Nov 08 2021 23:25:18 GMT-0500 (Eastern Standard Time)","760155","Untrustworthy,Trustworthy","","null","","","","decisionFB","","<div class='trialDiv'><img src='trustrating_stim/white_mw089.bmp'><br><font class='baseline'><strong>Chris</strong><p>Choose number of points to send.</font><div class='respPicDiv'><img src='img/responseButtonOffersNo0L5.png' class='respPic'></div></div>","null","1","Chris","trustrating_stim/white_mw089.bmp","Kept","0.4,0.8","14","0.4","12","3"
"html-keyboard-response","104","463019","0.0-18.0-3.2","","bdp_trlrn","Mon Nov 08 2021 23:25:18 GMT-0500 (Eastern Standard Time)","760155","Untrustworthy,Trustworthy","","null","","","","feedback","","<div class='trialDiv'><img src='trustrating_stim/white_mw089.bmp'><br><font class='baseline'><strong>Chris</strong><p>Received: <strong>20</strong></font> &nbsp; &nbsp; &nbsp; &nbsp; &nbsp; &nbsp;<font class='negOutcome'>Shared back: <strong>0</strong></font></font><div class='respPicDiv'><img src='img/responseButtonOffersNo0_wht.png' class='respPic'></div></div>","null","1","Chris","trustrating_stim/white_mw089.bmp","Kept","0.4,0.8","14","0.4","12","3"
"html-keyboard-response","105","465515","0.0-18.0-1.3","","bdp_trlrn","Mon Nov 08 2021 23:25:18 GMT-0500 (Eastern Standard Time)","760155","Untrustworthy,Trustworthy","","2493","","","","decision","","<div class='trialDiv'><img src='trustrating_stim/white_mw084.bmp'><br><font class='baseline'><strong>Joseph</strong><p>Choose number of points to send.</font><div class='respPicDiv'><img src='img/responseButtonOffersNo0L.png' class='respPic'></div></div>","3","1","Joseph","trustrating_stim/white_mw084.bmp","Shared","0.8,0.4","11","0.8","17","4"
"html-keyboard-response","106","465771","0.0-18.0-2.3","","bdp_trlrn","Mon Nov 08 2021 23:25:18 GMT-0500 (Eastern Standard Time)","760155","Untrustworthy,Trustworthy","","null","","","","decisionFB","","<div class='trialDiv'><img src='trustrating_stim/white_mw084.bmp'><br><font class='baseline'><strong>Joseph</strong><p>Choose number of points to send.</font><div class='respPicDiv'><img src='img/responseButtonOffersNo0L3.png' class='respPic'></div></div>","null","1","Joseph","trustrating_stim/white_mw084.bmp","Shared","0.8,0.4","11","0.8","14","4"
"html-keyboard-response","107","466774","0.0-18.0-3.3","","bdp_trlrn","Mon Nov 08 2021 23:25:18 GMT-0500 (Eastern Standard Time)","760155","Untrustworthy,Trustworthy","","null","","","","feedback","","<div class='trialDiv'><img src='trustrating_stim/white_mw084.bmp'><br><font class='baseline'><strong>Joseph</strong><p>Received: <strong>12</strong></font> &nbsp; &nbsp; &nbsp; &nbsp; &nbsp; &nbsp;<font class='posOutcome'>Shared back: <strong>6</strong></font></font><div class='respPicDiv'><img src='img/responseButtonOffersNo0_wht.png' class='respPic'></div></div>","null","1","Joseph","trustrating_stim/white_mw084.bmp","Shared","0.8,0.4","11","0.8","20","4"
"html-keyboard-response","108","475841","0.0-18.0-1.4","","bdp_trlrn","Mon Nov 08 2021 23:25:18 GMT-0500 (Eastern Standard Time)","760155","Untrustworthy,Trustworthy","","9065","","","","decision","","<div class='trialDiv'><img src='trustrating_stim/white_mw089.bmp'><br><font class='baseline'><strong>Chris</strong><p>Choose number of points to send.</font><div class='respPicDiv'><img src='img/responseButtonOffersNo0L.png' class='respPic'></div></div>","1","2","Chris","trustrating_stim/white_mw089.bmp","Kept","0.4,0.8","14","0.4","25","5"
"html-keyboard-response","109","476097","0.0-18.0-2.4","","bdp_trlrn","Mon Nov 08 2021 23:25:18 GMT-0500 (Eastern Standard Time)","760155","Untrustworthy,Trustworthy","","null","","","","decisionFB","","<div class='trialDiv'><img src='trustrating_stim/white_mw089.bmp'><br><font class='baseline'><strong>Chris</strong><p>Choose number of points to send.</font><div class='respPicDiv'><img src='img/responseButtonOffersNo0L1.png' class='respPic'></div></div>","null","2","Chris","trustrating_stim/white_mw089.bmp","Kept","0.4,0.8","14","0.4","24","5"
"html-keyboard-response","110","477104","0.0-18.0-3.4","","bdp_trlrn","Mon Nov 08 2021 23:25:18 GMT-0500 (Eastern Standard Time)","760155","Untrustworthy,Trustworthy","","null","","","","feedback","","<div class='trialDiv'><img src='trustrating_stim/white_mw089.bmp'><br><font class='baseline'><strong>Chris</strong><p>Received: <strong>4</strong></font> &nbsp; &nbsp; &nbsp; &nbsp; &nbsp; &nbsp;<font class='negOutcome'>Shared back: <strong>0</strong></font></font><div class='respPicDiv'><img src='img/responseButtonOffersNo0_wht.png' class='respPic'></div></div>","null","2","Chris","trustrating_stim/white_mw089.bmp","Kept","0.4,0.8","14","0.4","24","5"
"html-keyboard-response","111","483651","0.0-18.0-1.5","","bdp_trlrn","Mon Nov 08 2021 23:25:18 GMT-0500 (Eastern Standard Time)","760155","Untrustworthy,Trustworthy","","6545","","","","decision","","<div class='trialDiv'><img src='trustrating_stim/white_mw035.bmp'><br><font class='baseline'><strong>Nathan</strong><p>Choose number of points to send.</font><div class='respPicDiv'><img src='img/responseButtonOffersNo0L.png' class='respPic'></div></div>","4","2","Nathan","trustrating_stim/white_mw035.bmp","Shared","0.6,0.2","12","0.6","29","6"
"html-keyboard-response","112","483909","0.0-18.0-2.5","","bdp_trlrn","Mon Nov 08 2021 23:25:18 GMT-0500 (Eastern Standard Time)","760155","Untrustworthy,Trustworthy","","null","","","","decisionFB","","<div class='trialDiv'><img src='trustrating_stim/white_mw035.bmp'><br><font class='baseline'><strong>Nathan</strong><p>Choose number of points to send.</font><div class='respPicDiv'><img src='img/responseButtonOffersNo0L4.png' class='respPic'></div></div>","null","2","Nathan","trustrating_stim/white_mw035.bmp","Shared","0.6,0.2","12","0.6","25","6"
"html-keyboard-response","113","484912","0.0-18.0-3.5","","bdp_trlrn","Mon Nov 08 2021 23:25:18 GMT-0500 (Eastern Standard Time)","760155","Untrustworthy,Trustworthy","","null","","","","feedback","","<div class='trialDiv'><img src='trustrating_stim/white_mw035.bmp'><br><font class='baseline'><strong>Nathan</strong><p>Received: <strong>16</strong></font> &nbsp; &nbsp; &nbsp; &nbsp; &nbsp; &nbsp;<font class='posOutcome'>Shared back: <strong>8</strong></font></font><div class='respPicDiv'><img src='img/responseButtonOffersNo0_wht.png' class='respPic'></div></div>","null","2","Nathan","trustrating_stim/white_mw035.bmp","Shared","0.6,0.2","12","0.6","33","6"
"html-keyboard-response","114","486963","0.0-18.0-1.6","","bdp_trlrn","Mon Nov 08 2021 23:25:18 GMT-0500 (Eastern Standard Time)","760155","Untrustworthy,Trustworthy","","2049","","","","decision","","<div class='trialDiv'><img src='trustrating_stim/white_mw084.bmp'><br><font class='baseline'><strong>Joseph</strong><p>Choose number of points to send.</font><div class='respPicDiv'><img src='img/responseButtonOffersNo0L.png' class='respPic'></div></div>","2","2","Joseph","trustrating_stim/white_mw084.bmp","Shared","0.8,0.4","11","0.8","38","7"
"html-keyboard-response","115","487216","0.0-18.0-2.6","","bdp_trlrn","Mon Nov 08 2021 23:25:18 GMT-0500 (Eastern Standard Time)","760155","Untrustworthy,Trustworthy","","null","","","","decisionFB","","<div class='trialDiv'><img src='trustrating_stim/white_mw084.bmp'><br><font class='baseline'><strong>Joseph</strong><p>Choose number of points to send.</font><div class='respPicDiv'><img src='img/responseButtonOffersNo0L2.png' class='respPic'></div></div>","null","2","Joseph","trustrating_stim/white_mw084.bmp","Shared","0.8,0.4","11","0.8","36","7"
"html-keyboard-response","116","488219","0.0-18.0-3.6","","bdp_trlrn","Mon Nov 08 2021 23:25:18 GMT-0500 (Eastern Standard Time)","760155","Untrustworthy,Trustworthy","","null","","","","feedback","","<div class='trialDiv'><img src='trustrating_stim/white_mw084.bmp'><br><font class='baseline'><strong>Joseph</strong><p>Received: <strong>8</strong></font> &nbsp; &nbsp; &nbsp; &nbsp; &nbsp; &nbsp;<font class='posOutcome'>Shared back: <strong>4</strong></font></font><div class='respPicDiv'><img src='img/responseButtonOffersNo0_wht.png' class='respPic'></div></div>","null","2","Joseph","trustrating_stim/white_mw084.bmp","Shared","0.8,0.4","11","0.8","40","7"
"html-keyboard-response","117","489421","0.0-18.0-1.7","","bdp_trlrn","Mon Nov 08 2021 23:25:18 GMT-0500 (Eastern Standard Time)","760155","Untrustworthy,Trustworthy","","1201","","","","decision","","<div class='trialDiv'><img src='trustrating_stim/white_00785_941205_fb_edt.bmp'><br><font class='baseline'><strong>Brian</strong><p>Choose number of points to send.</font><div class='respPicDiv'><img src='img/responseButtonOffersNo0L.png' class='respPic'></div></div>","1","2","Brian","trustrating_stim/white_00785_941205_fb_edt.bmp","Kept","0.2,0.6","14","0.2","45","8"
"html-keyboard-response","118","489675","0.0-18.0-2.7","","bdp_trlrn","Mon Nov 08 2021 23:25:18 GMT-0500 (Eastern Standard Time)","760155","Untrustworthy,Trustworthy","","null","","","","decisionFB","","<div class='trialDiv'><img src='trustrating_stim/white_00785_941205_fb_edt.bmp'><br><font class='baseline'><strong>Brian</strong><p>Choose number of points to send.</font><div class='respPicDiv'><img src='img/responseButtonOffersNo0L1.png' class='respPic'></div></div>","null","2","Brian","trustrating_stim/white_00785_941205_fb_edt.bmp","Kept","0.2,0.6","14","0.2","44","8"
"html-keyboard-response","119","490680","0.0-18.0-3.7","","bdp_trlrn","Mon Nov 08 2021 23:25:18 GMT-0500 (Eastern Standard Time)","760155","Untrustworthy,Trustworthy","","null","","","","feedback","","<div class='trialDiv'><img src='trustrating_stim/white_00785_941205_fb_edt.bmp'><br><font class='baseline'><strong>Brian</strong><p>Received: <strong>4</strong></font> &nbsp; &nbsp; &nbsp; &nbsp; &nbsp; &nbsp;<font class='negOutcome'>Shared back: <strong>0</strong></font></font><div class='respPicDiv'><img src='img/responseButtonOffersNo0_wht.png' class='respPic'></div></div>","null","2","Brian","trustrating_stim/white_00785_941205_fb_edt.bmp","Kept","0.2,0.6","14","0.2","44","8"
"html-keyboard-response","120","497865","0.0-18.0-1.8","","bdp_trlrn","Mon Nov 08 2021 23:25:18 GMT-0500 (Eastern Standard Time)","760155","Untrustworthy,Trustworthy","","7184","","","","decision","","<div class='trialDiv'><img src='trustrating_stim/white_mw089.bmp'><br><font class='baseline'><strong>Chris</strong><p>Choose number of points to send.</font><div class='respPicDiv'><img src='img/responseButtonOffersNo0L.png' class='respPic'></div></div>","2","3","Chris","trustrating_stim/white_mw089.bmp","Shared","0.4,0.8","14","0.4","49","9"
"html-keyboard-response","121","498123","0.0-18.0-2.8","","bdp_trlrn","Mon Nov 08 2021 23:25:18 GMT-0500 (Eastern Standard Time)","760155","Untrustworthy,Trustworthy","","null","","","","decisionFB","","<div class='trialDiv'><img src='trustrating_stim/white_mw089.bmp'><br><font class='baseline'><strong>Chris</strong><p>Choose number of points to send.</font><div class='respPicDiv'><img src='img/responseButtonOffersNo0L2.png' class='respPic'></div></div>","null","3","Chris","trustrating_stim/white_mw089.bmp","Shared","0.4,0.8","14","0.4","47","9"
"html-keyboard-response","122","499127","0.0-18.0-3.8","","bdp_trlrn","Mon Nov 08 2021 23:25:18 GMT-0500 (Eastern Standard Time)","760155","Untrustworthy,Trustworthy","","null","","","","feedback","","<div class='trialDiv'><img src='trustrating_stim/white_mw089.bmp'><br><font class='baseline'><strong>Chris</strong><p>Received: <strong>8</strong></font> &nbsp; &nbsp; &nbsp; &nbsp; &nbsp; &nbsp;<font class='posOutcome'>Shared back: <strong>4</strong></font></font><div class='respPicDiv'><img src='img/responseButtonOffersNo0_wht.png' class='respPic'></div></div>","null","3","Chris","trustrating_stim/white_mw089.bmp","Shared","0.4,0.8","14","0.4","51","9"
"html-keyboard-response","123","501137","0.0-18.0-1.9","","bdp_trlrn","Mon Nov 08 2021 23:25:18 GMT-0500 (Eastern Standard Time)","760155","Untrustworthy,Trustworthy","","2007","","","","decision","","<div class='trialDiv'><img src='trustrating_stim/white_00785_941205_fb_edt.bmp'><br><font class='baseline'><strong>Brian</strong><p>Choose number of points to send.</font><div class='respPicDiv'><img src='img/responseButtonOffersNo0L.png' class='respPic'></div></div>","4","3","Brian","trustrating_stim/white_00785_941205_fb_edt.bmp","Kept","0.2,0.6","14","0.2","56","10"
"html-keyboard-response","124","501392","0.0-18.0-2.9","","bdp_trlrn","Mon Nov 08 2021 23:25:18 GMT-0500 (Eastern Standard Time)","760155","Untrustworthy,Trustworthy","","null","","","","decisionFB","","<div class='trialDiv'><img src='trustrating_stim/white_00785_941205_fb_edt.bmp'><br><font class='baseline'><strong>Brian</strong><p>Choose number of points to send.</font><div class='respPicDiv'><img src='img/responseButtonOffersNo0L4.png' class='respPic'></div></div>","null","3","Brian","trustrating_stim/white_00785_941205_fb_edt.bmp","Kept","0.2,0.6","14","0.2","52","10"
"html-keyboard-response","125","502395","0.0-18.0-3.9","","bdp_trlrn","Mon Nov 08 2021 23:25:18 GMT-0500 (Eastern Standard Time)","760155","Untrustworthy,Trustworthy","","null","","","","feedback","","<div class='trialDiv'><img src='trustrating_stim/white_00785_941205_fb_edt.bmp'><br><font class='baseline'><strong>Brian</strong><p>Received: <strong>16</strong></font> &nbsp; &nbsp; &nbsp; &nbsp; &nbsp; &nbsp;<font class='negOutcome'>Shared back: <strong>0</strong></font></font><div class='respPicDiv'><img src='img/responseButtonOffersNo0_wht.png' class='respPic'></div></div>","null","3","Brian","trustrating_stim/white_00785_941205_fb_edt.bmp","Kept","0.2,0.6","14","0.2","52","10"
"html-keyboard-response","126","504666","0.0-18.0-1.10","","bdp_trlrn","Mon Nov 08 2021 23:25:18 GMT-0500 (Eastern Standard Time)","760155","Untrustworthy,Trustworthy","","2270","","","","decision","","<div class='trialDiv'><img src='trustrating_stim/white_mw035.bmp'><br><font class='baseline'><strong>Nathan</strong><p>Choose number of points to send.</font><div class='respPicDiv'><img src='img/responseButtonOffersNo0L.png' class='respPic'></div></div>","3","3","Nathan","trustrating_stim/white_mw035.bmp","Kept","0.6,0.2","12","0.6","57","11"
"html-keyboard-response","127","504917","0.0-18.0-2.10","","bdp_trlrn","Mon Nov 08 2021 23:25:18 GMT-0500 (Eastern Standard Time)","760155","Untrustworthy,Trustworthy","","null","","","","decisionFB","","<div class='trialDiv'><img src='trustrating_stim/white_mw035.bmp'><br><font class='baseline'><strong>Nathan</strong><p>Choose number of points to send.</font><div class='respPicDiv'><img src='img/responseButtonOffersNo0L3.png' class='respPic'></div></div>","null","3","Nathan","trustrating_stim/white_mw035.bmp","Kept","0.6,0.2","12","0.6","54","11"
"html-keyboard-response","128","505920","0.0-18.0-3.10","","bdp_trlrn","Mon Nov 08 2021 23:25:18 GMT-0500 (Eastern Standard Time)","760155","Untrustworthy,Trustworthy","","null","","","","feedback","","<div class='trialDiv'><img src='trustrating_stim/white_mw035.bmp'><br><font class='baseline'><strong>Nathan</strong><p>Received: <strong>12</strong></font> &nbsp; &nbsp; &nbsp; &nbsp; &nbsp; &nbsp;<font class='negOutcome'>Shared back: <strong>0</strong></font></font><div class='respPicDiv'><img src='img/responseButtonOffersNo0_wht.png' class='respPic'></div></div>","null","3","Nathan","trustrating_stim/white_mw035.bmp","Kept","0.6,0.2","12","0.6","54","11"
"html-keyboard-response","129","509144","0.0-18.0-1.11","","bdp_trlrn","Mon Nov 08 2021 23:25:18 GMT-0500 (Eastern Standard Time)","760155","Untrustworthy,Trustworthy","","3221","","","","decision","","<div class='trialDiv'><img src='trustrating_stim/white_mw084.bmp'><br><font class='baseline'><strong>Joseph</strong><p>Choose number of points to send.</font><div class='respPicDiv'><img src='img/responseButtonOffersNo0L.png' class='respPic'></div></div>","2","3","Joseph","trustrating_stim/white_mw084.bmp","Kept","0.8,0.4","11","0.8","59","12"
"html-keyboard-response","130","509397","0.0-18.0-2.11","","bdp_trlrn","Mon Nov 08 2021 23:25:18 GMT-0500 (Eastern Standard Time)","760155","Untrustworthy,Trustworthy","","null","","","","decisionFB","","<div class='trialDiv'><img src='trustrating_stim/white_mw084.bmp'><br><font class='baseline'><strong>Joseph</strong><p>Choose number of points to send.</font><div class='respPicDiv'><img src='img/responseButtonOffersNo0L2.png' class='respPic'></div></div>","null","3","Joseph","trustrating_stim/white_mw084.bmp","Kept","0.8,0.4","11","0.8","57","12"
"html-keyboard-response","131","510400","0.0-18.0-3.11","","bdp_trlrn","Mon Nov 08 2021 23:25:18 GMT-0500 (Eastern Standard Time)","760155","Untrustworthy,Trustworthy","","null","","","","feedback","","<div class='trialDiv'><img src='trustrating_stim/white_mw084.bmp'><br><font class='baseline'><strong>Joseph</strong><p>Received: <strong>8</strong></font> &nbsp; &nbsp; &nbsp; &nbsp; &nbsp; &nbsp;<font class='negOutcome'>Shared back: <strong>0</strong></font></font><div class='respPicDiv'><img src='img/responseButtonOffersNo0_wht.png' class='respPic'></div></div>","null","3","Joseph","trustrating_stim/white_mw084.bmp","Kept","0.8,0.4","11","0.8","57","12"
"html-keyboard-response","132","512492","0.0-18.0-1.12","","bdp_trlrn","Mon Nov 08 2021 23:25:18 GMT-0500 (Eastern Standard Time)","760155","Untrustworthy,Trustworthy","","2090","","","","decision","","<div class='trialDiv'><img src='trustrating_stim/white_mw035.bmp'><br><font class='baseline'><strong>Nathan</strong><p>Choose number of points to send.</font><div class='respPicDiv'><img src='img/responseButtonOffersNo0L.png' class='respPic'></div></div>","4","4","Nathan","trustrating_stim/white_mw035.bmp","Shared","0.6,0.2","12","0.6","62","13"
"html-keyboard-response","133","512747","0.0-18.0-2.12","","bdp_trlrn","Mon Nov 08 2021 23:25:18 GMT-0500 (Eastern Standard Time)","760155","Untrustworthy,Trustworthy","","null","","","","decisionFB","","<div class='trialDiv'><img src='trustrating_stim/white_mw035.bmp'><br><font class='baseline'><strong>Nathan</strong><p>Choose number of points to send.</font><div class='respPicDiv'><img src='img/responseButtonOffersNo0L4.png' class='respPic'></div></div>","null","4","Nathan","trustrating_stim/white_mw035.bmp","Shared","0.6,0.2","12","0.6","58","13"
"html-keyboard-response","134","513749","0.0-18.0-3.12","","bdp_trlrn","Mon Nov 08 2021 23:25:18 GMT-0500 (Eastern Standard Time)","760155","Untrustworthy,Trustworthy","","null","","","","feedback","","<div class='trialDiv'><img src='trustrating_stim/white_mw035.bmp'><br><font class='baseline'><strong>Nathan</strong><p>Received: <strong>16</strong></font> &nbsp; &nbsp; &nbsp; &nbsp; &nbsp; &nbsp;<font class='posOutcome'>Shared back: <strong>8</strong></font></font><div class='respPicDiv'><img src='img/responseButtonOffersNo0_wht.png' class='respPic'></div></div>","null","4","Nathan","trustrating_stim/white_mw035.bmp","Shared","0.6,0.2","12","0.6","66","13"
"html-keyboard-response","135","516226","0.0-18.0-1.13","","bdp_trlrn","Mon Nov 08 2021 23:25:18 GMT-0500 (Eastern Standard Time)","760155","Untrustworthy,Trustworthy","","2474","","","","decision","","<div class='trialDiv'><img src='trustrating_stim/white_mw084.bmp'><br><font class='baseline'><strong>Joseph</strong><p>Choose number of points to send.</font><div class='respPicDiv'><img src='img/responseButtonOffersNo0L.png' class='respPic'></div></div>","2","4","Joseph","trustrating_stim/white_mw084.bmp","Shared","0.8,0.4","11","0.8","71","14"
"html-keyboard-response","136","516480","0.0-18.0-2.13","","bdp_trlrn","Mon Nov 08 2021 23:25:18 GMT-0500 (Eastern Standard Time)","760155","Untrustworthy,Trustworthy","","null","","","","decisionFB","","<div class='trialDiv'><img src='trustrating_stim/white_mw084.bmp'><br><font class='baseline'><strong>Joseph</strong><p>Choose number of points to send.</font><div class='respPicDiv'><img src='img/responseButtonOffersNo0L2.png' class='respPic'></div></div>","null","4","Joseph","trustrating_stim/white_mw084.bmp","Shared","0.8,0.4","11","0.8","69","14"
"html-keyboard-response","137","517482","0.0-18.0-3.13","","bdp_trlrn","Mon Nov 08 2021 23:25:18 GMT-0500 (Eastern Standard Time)","760155","Untrustworthy,Trustworthy","","null","","","","feedback","","<div class='trialDiv'><img src='trustrating_stim/white_mw084.bmp'><br><font class='baseline'><strong>Joseph</strong><p>Received: <strong>8</strong></font> &nbsp; &nbsp; &nbsp; &nbsp; &nbsp; &nbsp;<font class='posOutcome'>Shared back: <strong>4</strong></font></font><div class='respPicDiv'><img src='img/responseButtonOffersNo0_wht.png' class='respPic'></div></div>","null","4","Joseph","trustrating_stim/white_mw084.bmp","Shared","0.8,0.4","11","0.8","73","14"
"html-keyboard-response","138","520323","0.0-18.0-1.14","","bdp_trlrn","Mon Nov 08 2021 23:25:18 GMT-0500 (Eastern Standard Time)","760155","Untrustworthy,Trustworthy","","2838","","","","decision","","<div class='trialDiv'><img src='trustrating_stim/white_mw089.bmp'><br><font class='baseline'><strong>Chris</strong><p>Choose number of points to send.</font><div class='respPicDiv'><img src='img/responseButtonOffersNo0L.png' class='respPic'></div></div>","1","4","Chris","trustrating_stim/white_mw089.bmp","Shared","0.4,0.8","14","0.4","78","15"
"html-keyboard-response","139","520578","0.0-18.0-2.14","","bdp_trlrn","Mon Nov 08 2021 23:25:18 GMT-0500 (Eastern Standard Time)","760155","Untrustworthy,Trustworthy","","null","","","","decisionFB","","<div class='trialDiv'><img src='trustrating_stim/white_mw089.bmp'><br><font class='baseline'><strong>Chris</strong><p>Choose number of points to send.</font><div class='respPicDiv'><img src='img/responseButtonOffersNo0L1.png' class='respPic'></div></div>","null","4","Chris","trustrating_stim/white_mw089.bmp","Shared","0.4,0.8","14","0.4","77","15"
"html-keyboard-response","140","521584","0.0-18.0-3.14","","bdp_trlrn","Mon Nov 08 2021 23:25:18 GMT-0500 (Eastern Standard Time)","760155","Untrustworthy,Trustworthy","","null","","","","feedback","","<div class='trialDiv'><img src='trustrating_stim/white_mw089.bmp'><br><font class='baseline'><strong>Chris</strong><p>Received: <strong>4</strong></font> &nbsp; &nbsp; &nbsp; &nbsp; &nbsp; &nbsp;<font class='posOutcome'>Shared back: <strong>2</strong></font></font><div class='respPicDiv'><img src='img/responseButtonOffersNo0_wht.png' class='respPic'></div></div>","null","4","Chris","trustrating_stim/white_mw089.bmp","Shared","0.4,0.8","14","0.4","79","15"
"html-keyboard-response","141","522806","0.0-18.0-1.15","","bdp_trlrn","Mon Nov 08 2021 23:25:18 GMT-0500 (Eastern Standard Time)","760155","Untrustworthy,Trustworthy","","1221","","","","decision","","<div class='trialDiv'><img src='trustrating_stim/white_00785_941205_fb_edt.bmp'><br><font class='baseline'><strong>Brian</strong><p>Choose number of points to send.</font><div class='respPicDiv'><img src='img/responseButtonOffersNo0L.png' class='respPic'></div></div>","1","4","Brian","trustrating_stim/white_00785_941205_fb_edt.bmp","Kept","0.2,0.6","14","0.2","84","16"
"html-keyboard-response","142","523061","0.0-18.0-2.15","","bdp_trlrn","Mon Nov 08 2021 23:25:18 GMT-0500 (Eastern Standard Time)","760155","Untrustworthy,Trustworthy","","null","","","","decisionFB","","<div class='trialDiv'><img src='trustrating_stim/white_00785_941205_fb_edt.bmp'><br><font class='baseline'><strong>Brian</strong><p>Choose number of points to send.</font><div class='respPicDiv'><img src='img/responseButtonOffersNo0L1.png' class='respPic'></div></div>","null","4","Brian","trustrating_stim/white_00785_941205_fb_edt.bmp","Kept","0.2,0.6","14","0.2","83","16"
"html-keyboard-response","143","524064","0.0-18.0-3.15","","bdp_trlrn","Mon Nov 08 2021 23:25:18 GMT-0500 (Eastern Standard Time)","760155","Untrustworthy,Trustworthy","","null","","","","feedback","","<div class='trialDiv'><img src='trustrating_stim/white_00785_941205_fb_edt.bmp'><br><font class='baseline'><strong>Brian</strong><p>Received: <strong>4</strong></font> &nbsp; &nbsp; &nbsp; &nbsp; &nbsp; &nbsp;<font class='negOutcome'>Shared back: <strong>0</strong></font></font><div class='respPicDiv'><img src='img/responseButtonOffersNo0_wht.png' class='respPic'></div></div>","null","4","Brian","trustrating_stim/white_00785_941205_fb_edt.bmp","Kept","0.2,0.6","14","0.2","83","16"
"html-keyboard-response","144","528821","0.0-18.0-1.16","","bdp_trlrn","Mon Nov 08 2021 23:25:18 GMT-0500 (Eastern Standard Time)","760155","Untrustworthy,Trustworthy","","4756","","","","decision","","<div class='trialDiv'><img src='trustrating_stim/white_mw035.bmp'><br><font class='baseline'><strong>Nathan</strong><p>Choose number of points to send.</font><div class='respPicDiv'><img src='img/responseButtonOffersNo0L.png' class='respPic'></div></div>","4","5","Nathan","trustrating_stim/white_mw035.bmp","Shared","0.6,0.2","12","0.6","88","17"
"html-keyboard-response","145","529077","0.0-18.0-2.16","","bdp_trlrn","Mon Nov 08 2021 23:25:18 GMT-0500 (Eastern Standard Time)","760155","Untrustworthy,Trustworthy","","null","","","","decisionFB","","<div class='trialDiv'><img src='trustrating_stim/white_mw035.bmp'><br><font class='baseline'><strong>Nathan</strong><p>Choose number of points to send.</font><div class='respPicDiv'><img src='img/responseButtonOffersNo0L4.png' class='respPic'></div></div>","null","5","Nathan","trustrating_stim/white_mw035.bmp","Shared","0.6,0.2","12","0.6","84","17"
"html-keyboard-response","146","530080","0.0-18.0-3.16","","bdp_trlrn","Mon Nov 08 2021 23:25:18 GMT-0500 (Eastern Standard Time)","760155","Untrustworthy,Trustworthy","","null","","","","feedback","","<div class='trialDiv'><img src='trustrating_stim/white_mw035.bmp'><br><font class='baseline'><strong>Nathan</strong><p>Received: <strong>16</strong></font> &nbsp; &nbsp; &nbsp; &nbsp; &nbsp; &nbsp;<font class='posOutcome'>Shared back: <strong>8</strong></font></font><div class='respPicDiv'><img src='img/responseButtonOffersNo0_wht.png' class='respPic'></div></div>","null","5","Nathan","trustrating_stim/white_mw035.bmp","Shared","0.6,0.2","12","0.6","92","17"
"html-keyboard-response","147","531765","0.0-18.0-1.17","","bdp_trlrn","Mon Nov 08 2021 23:25:18 GMT-0500 (Eastern Standard Time)","760155","Untrustworthy,Trustworthy","","1684","","","","decision","","<div class='trialDiv'><img src='trustrating_stim/white_mw084.bmp'><br><font class='baseline'><strong>Joseph</strong><p>Choose number of points to send.</font><div class='respPicDiv'><img src='img/responseButtonOffersNo0L.png' class='respPic'></div></div>","2","5","Joseph","trustrating_stim/white_mw084.bmp","Shared","0.8,0.4","11","0.8","97","18"
"html-keyboard-response","148","532021","0.0-18.0-2.17","","bdp_trlrn","Mon Nov 08 2021 23:25:18 GMT-0500 (Eastern Standard Time)","760155","Untrustworthy,Trustworthy","","null","","","","decisionFB","","<div class='trialDiv'><img src='trustrating_stim/white_mw084.bmp'><br><font class='baseline'><strong>Joseph</strong><p>Choose number of points to send.</font><div class='respPicDiv'><img src='img/responseButtonOffersNo0L2.png' class='respPic'></div></div>","null","5","Joseph","trustrating_stim/white_mw084.bmp","Shared","0.8,0.4","11","0.8","95","18"
"html-keyboard-response","149","533024","0.0-18.0-3.17","","bdp_trlrn","Mon Nov 08 2021 23:25:18 GMT-0500 (Eastern Standard Time)","760155","Untrustworthy,Trustworthy","","null","","","","feedback","","<div class='trialDiv'><img src='trustrating_stim/white_mw084.bmp'><br><font class='baseline'><strong>Joseph</strong><p>Received: <strong>8</strong></font> &nbsp; &nbsp; &nbsp; &nbsp; &nbsp; &nbsp;<font class='posOutcome'>Shared back: <strong>4</strong></font></font><div class='respPicDiv'><img src='img/responseButtonOffersNo0_wht.png' class='respPic'></div></div>","null","5","Joseph","trustrating_stim/white_mw084.bmp","Shared","0.8,0.4","11","0.8","99","18"
"html-keyboard-response","150","534838","0.0-18.0-1.18","","bdp_trlrn","Mon Nov 08 2021 23:25:18 GMT-0500 (Eastern Standard Time)","760155","Untrustworthy,Trustworthy","","1812","","","","decision","","<div class='trialDiv'><img src='trustrating_stim/white_00785_941205_fb_edt.bmp'><br><font class='baseline'><strong>Brian</strong><p>Choose number of points to send.</font><div class='respPicDiv'><img src='img/responseButtonOffersNo0L.png' class='respPic'></div></div>","1","5","Brian","trustrating_stim/white_00785_941205_fb_edt.bmp","Kept","0.2,0.6","14","0.2","104","19"
"html-keyboard-response","151","535093","0.0-18.0-2.18","","bdp_trlrn","Mon Nov 08 2021 23:25:18 GMT-0500 (Eastern Standard Time)","760155","Untrustworthy,Trustworthy","","null","","","","decisionFB","","<div class='trialDiv'><img src='trustrating_stim/white_00785_941205_fb_edt.bmp'><br><font class='baseline'><strong>Brian</strong><p>Choose number of points to send.</font><div class='respPicDiv'><img src='img/responseButtonOffersNo0L1.png' class='respPic'></div></div>","null","5","Brian","trustrating_stim/white_00785_941205_fb_edt.bmp","Kept","0.2,0.6","14","0.2","103","19"
"html-keyboard-response","152","536096","0.0-18.0-3.18","","bdp_trlrn","Mon Nov 08 2021 23:25:18 GMT-0500 (Eastern Standard Time)","760155","Untrustworthy,Trustworthy","","null","","","","feedback","","<div class='trialDiv'><img src='trustrating_stim/white_00785_941205_fb_edt.bmp'><br><font class='baseline'><strong>Brian</strong><p>Received: <strong>4</strong></font> &nbsp; &nbsp; &nbsp; &nbsp; &nbsp; &nbsp;<font class='negOutcome'>Shared back: <strong>0</strong></font></font><div class='respPicDiv'><img src='img/responseButtonOffersNo0_wht.png' class='respPic'></div></div>","null","5","Brian","trustrating_stim/white_00785_941205_fb_edt.bmp","Kept","0.2,0.6","14","0.2","103","19"
"html-keyboard-response","153","540782","0.0-18.0-1.19","","bdp_trlrn","Mon Nov 08 2021 23:25:18 GMT-0500 (Eastern Standard Time)","760155","Untrustworthy,Trustworthy","","4683","","","","decision","","<div class='trialDiv'><img src='trustrating_stim/white_mw089.bmp'><br><font class='baseline'><strong>Chris</strong><p>Choose number of points to send.</font><div class='respPicDiv'><img src='img/responseButtonOffersNo0L.png' class='respPic'></div></div>","2","5","Chris","trustrating_stim/white_mw089.bmp","Kept","0.4,0.8","14","0.4","108","20"
"html-keyboard-response","154","541034","0.0-18.0-2.19","","bdp_trlrn","Mon Nov 08 2021 23:25:18 GMT-0500 (Eastern Standard Time)","760155","Untrustworthy,Trustworthy","","null","","","","decisionFB","","<div class='trialDiv'><img src='trustrating_stim/white_mw089.bmp'><br><font class='baseline'><strong>Chris</strong><p>Choose number of points to send.</font><div class='respPicDiv'><img src='img/responseButtonOffersNo0L2.png' class='respPic'></div></div>","null","5","Chris","trustrating_stim/white_mw089.bmp","Kept","0.4,0.8","14","0.4","106","20"
"html-keyboard-response","155","542037","0.0-18.0-3.19","","bdp_trlrn","Mon Nov 08 2021 23:25:18 GMT-0500 (Eastern Standard Time)","760155","Untrustworthy,Trustworthy","","null","","","","feedback","","<div class='trialDiv'><img src='trustrating_stim/white_mw089.bmp'><br><font class='baseline'><strong>Chris</strong><p>Received: <strong>8</strong></font> &nbsp; &nbsp; &nbsp; &nbsp; &nbsp; &nbsp;<font class='negOutcome'>Shared back: <strong>0</strong></font></font><div class='respPicDiv'><img src='img/responseButtonOffersNo0_wht.png' class='respPic'></div></div>","null","5","Chris","trustrating_stim/white_mw089.bmp","Kept","0.4,0.8","14","0.4","106","20"
"html-keyboard-response","156","543394","0.0-18.0-1.20","","bdp_trlrn","Mon Nov 08 2021 23:25:18 GMT-0500 (Eastern Standard Time)","760155","Untrustworthy,Trustworthy","","1355","","","","decision","","<div class='trialDiv'><img src='trustrating_stim/white_mw084.bmp'><br><font class='baseline'><strong>Joseph</strong><p>Choose number of points to send.</font><div class='respPicDiv'><img src='img/responseButtonOffersNo0L.png' class='respPic'></div></div>","2","6","Joseph","trustrating_stim/white_mw084.bmp","Shared","0.8,0.4","11","0.8","111","21"
"html-keyboard-response","157","543647","0.0-18.0-2.20","","bdp_trlrn","Mon Nov 08 2021 23:25:18 GMT-0500 (Eastern Standard Time)","760155","Untrustworthy,Trustworthy","","null","","","","decisionFB","","<div class='trialDiv'><img src='trustrating_stim/white_mw084.bmp'><br><font class='baseline'><strong>Joseph</strong><p>Choose number of points to send.</font><div class='respPicDiv'><img src='img/responseButtonOffersNo0L2.png' class='respPic'></div></div>","null","6","Joseph","trustrating_stim/white_mw084.bmp","Shared","0.8,0.4","11","0.8","109","21"
"html-keyboard-response","158","544650","0.0-18.0-3.20","","bdp_trlrn","Mon Nov 08 2021 23:25:18 GMT-0500 (Eastern Standard Time)","760155","Untrustworthy,Trustworthy","","null","","","","feedback","","<div class='trialDiv'><img src='trustrating_stim/white_mw084.bmp'><br><font class='baseline'><strong>Joseph</strong><p>Received: <strong>8</strong></font> &nbsp; &nbsp; &nbsp; &nbsp; &nbsp; &nbsp;<font class='posOutcome'>Shared back: <strong>4</strong></font></font><div class='respPicDiv'><img src='img/responseButtonOffersNo0_wht.png' class='respPic'></div></div>","null","6","Joseph","trustrating_stim/white_mw084.bmp","Shared","0.8,0.4","11","0.8","113","21"
"html-keyboard-response","159","545590","0.0-18.0-1.21","","bdp_trlrn","Mon Nov 08 2021 23:25:18 GMT-0500 (Eastern Standard Time)","760155","Untrustworthy,Trustworthy","","937","","","","decision","","<div class='trialDiv'><img src='trustrating_stim/white_mw089.bmp'><br><font class='baseline'><strong>Chris</strong><p>Choose number of points to send.</font><div class='respPicDiv'><img src='img/responseButtonOffersNo0L.png' class='respPic'></div></div>","4","6","Chris","trustrating_stim/white_mw089.bmp","Kept","0.4,0.8","14","0.4","118","22"
"html-keyboard-response","160","545845","0.0-18.0-2.21","","bdp_trlrn","Mon Nov 08 2021 23:25:18 GMT-0500 (Eastern Standard Time)","760155","Untrustworthy,Trustworthy","","null","","","","decisionFB","","<div class='trialDiv'><img src='trustrating_stim/white_mw089.bmp'><br><font class='baseline'><strong>Chris</strong><p>Choose number of points to send.</font><div class='respPicDiv'><img src='img/responseButtonOffersNo0L4.png' class='respPic'></div></div>","null","6","Chris","trustrating_stim/white_mw089.bmp","Kept","0.4,0.8","14","0.4","114","22"
"html-keyboard-response","161","546850","0.0-18.0-3.21","","bdp_trlrn","Mon Nov 08 2021 23:25:18 GMT-0500 (Eastern Standard Time)","760155","Untrustworthy,Trustworthy","","null","","","","feedback","","<div class='trialDiv'><img src='trustrating_stim/white_mw089.bmp'><br><font class='baseline'><strong>Chris</strong><p>Received: <strong>16</strong></font> &nbsp; &nbsp; &nbsp; &nbsp; &nbsp; &nbsp;<font class='negOutcome'>Shared back: <strong>0</strong></font></font><div class='respPicDiv'><img src='img/responseButtonOffersNo0_wht.png' class='respPic'></div></div>","null","6","Chris","trustrating_stim/white_mw089.bmp","Kept","0.4,0.8","14","0.4","114","22"
"html-keyboard-response","162","551223","0.0-18.0-1.22","","bdp_trlrn","Mon Nov 08 2021 23:25:18 GMT-0500 (Eastern Standard Time)","760155","Untrustworthy,Trustworthy","","4372","","","","decision","","<div class='trialDiv'><img src='trustrating_stim/white_mw035.bmp'><br><font class='baseline'><strong>Nathan</strong><p>Choose number of points to send.</font><div class='respPicDiv'><img src='img/responseButtonOffersNo0L.png' class='respPic'></div></div>","4","6","Nathan","trustrating_stim/white_mw035.bmp","Shared","0.6,0.2","12","0.6","119","23"
"html-keyboard-response","163","551477","0.0-18.0-2.22","","bdp_trlrn","Mon Nov 08 2021 23:25:18 GMT-0500 (Eastern Standard Time)","760155","Untrustworthy,Trustworthy","","null","","","","decisionFB","","<div class='trialDiv'><img src='trustrating_stim/white_mw035.bmp'><br><font class='baseline'><strong>Nathan</strong><p>Choose number of points to send.</font><div class='respPicDiv'><img src='img/responseButtonOffersNo0L4.png' class='respPic'></div></div>","null","6","Nathan","trustrating_stim/white_mw035.bmp","Shared","0.6,0.2","12","0.6","115","23"
"html-keyboard-response","164","552479","0.0-18.0-3.22","","bdp_trlrn","Mon Nov 08 2021 23:25:18 GMT-0500 (Eastern Standard Time)","760155","Untrustworthy,Trustworthy","","null","","","","feedback","","<div class='trialDiv'><img src='trustrating_stim/white_mw035.bmp'><br><font class='baseline'><strong>Nathan</strong><p>Received: <strong>16</strong></font> &nbsp; &nbsp; &nbsp; &nbsp; &nbsp; &nbsp;<font class='posOutcome'>Shared back: <strong>8</strong></font></font><div class='respPicDiv'><img src='img/responseButtonOffersNo0_wht.png' class='respPic'></div></div>","null","6","Nathan","trustrating_stim/white_mw035.bmp","Shared","0.6,0.2","12","0.6","123","23"
"html-keyboard-response","165","553645","0.0-18.0-1.23","","bdp_trlrn","Mon Nov 08 2021 23:25:18 GMT-0500 (Eastern Standard Time)","760155","Untrustworthy,Trustworthy","","1164","","","","decision","","<div class='trialDiv'><img src='trustrating_stim/white_00785_941205_fb_edt.bmp'><br><font class='baseline'><strong>Brian</strong><p>Choose number of points to send.</font><div class='respPicDiv'><img src='img/responseButtonOffersNo0L.png' class='respPic'></div></div>","1","6","Brian","trustrating_stim/white_00785_941205_fb_edt.bmp","Kept","0.2,0.6","14","0.2","128","24"
"html-keyboard-response","166","553898","0.0-18.0-2.23","","bdp_trlrn","Mon Nov 08 2021 23:25:18 GMT-0500 (Eastern Standard Time)","760155","Untrustworthy,Trustworthy","","null","","","","decisionFB","","<div class='trialDiv'><img src='trustrating_stim/white_00785_941205_fb_edt.bmp'><br><font class='baseline'><strong>Brian</strong><p>Choose number of points to send.</font><div class='respPicDiv'><img src='img/responseButtonOffersNo0L1.png' class='respPic'></div></div>","null","6","Brian","trustrating_stim/white_00785_941205_fb_edt.bmp","Kept","0.2,0.6","14","0.2","127","24"
"html-keyboard-response","167","554904","0.0-18.0-3.23","","bdp_trlrn","Mon Nov 08 2021 23:25:18 GMT-0500 (Eastern Standard Time)","760155","Untrustworthy,Trustworthy","","null","","","","feedback","","<div class='trialDiv'><img src='trustrating_stim/white_00785_941205_fb_edt.bmp'><br><font class='baseline'><strong>Brian</strong><p>Received: <strong>4</strong></font> &nbsp; &nbsp; &nbsp; &nbsp; &nbsp; &nbsp;<font class='negOutcome'>Shared back: <strong>0</strong></font></font><div class='respPicDiv'><img src='img/responseButtonOffersNo0_wht.png' class='respPic'></div></div>","null","6","Brian","trustrating_stim/white_00785_941205_fb_edt.bmp","Kept","0.2,0.6","14","0.2","127","24"
"html-keyboard-response","168","557733","0.0-18.0-1.24","","bdp_trlrn","Mon Nov 08 2021 23:25:18 GMT-0500 (Eastern Standard Time)","760155","Untrustworthy,Trustworthy","","2826","","","","decision","","<div class='trialDiv'><img src='trustrating_stim/white_mw035.bmp'><br><font class='baseline'><strong>Nathan</strong><p>Choose number of points to send.</font><div class='respPicDiv'><img src='img/responseButtonOffersNo0L.png' class='respPic'></div></div>","2","7","Nathan","trustrating_stim/white_mw035.bmp","Shared","0.6,0.2","12","0.6","132","25"
"html-keyboard-response","169","557988","0.0-18.0-2.24","","bdp_trlrn","Mon Nov 08 2021 23:25:18 GMT-0500 (Eastern Standard Time)","760155","Untrustworthy,Trustworthy","","null","","","","decisionFB","","<div class='trialDiv'><img src='trustrating_stim/white_mw035.bmp'><br><font class='baseline'><strong>Nathan</strong><p>Choose number of points to send.</font><div class='respPicDiv'><img src='img/responseButtonOffersNo0L2.png' class='respPic'></div></div>","null","7","Nathan","trustrating_stim/white_mw035.bmp","Shared","0.6,0.2","12","0.6","130","25"
"html-keyboard-response","170","558991","0.0-18.0-3.24","","bdp_trlrn","Mon Nov 08 2021 23:25:18 GMT-0500 (Eastern Standard Time)","760155","Untrustworthy,Trustworthy","","null","","","","feedback","","<div class='trialDiv'><img src='trustrating_stim/white_mw035.bmp'><br><font class='baseline'><strong>Nathan</strong><p>Received: <strong>8</strong></font> &nbsp; &nbsp; &nbsp; &nbsp; &nbsp; &nbsp;<font class='posOutcome'>Shared back: <strong>4</strong></font></font><div class='respPicDiv'><img src='img/responseButtonOffersNo0_wht.png' class='respPic'></div></div>","null","7","Nathan","trustrating_stim/white_mw035.bmp","Shared","0.6,0.2","12","0.6","134","25"
"html-keyboard-response","171","560523","0.0-18.0-1.25","","bdp_trlrn","Mon Nov 08 2021 23:25:18 GMT-0500 (Eastern Standard Time)","760155","Untrustworthy,Trustworthy","","1530","","","","decision","","<div class='trialDiv'><img src='trustrating_stim/white_mw089.bmp'><br><font class='baseline'><strong>Chris</strong><p>Choose number of points to send.</font><div class='respPicDiv'><img src='img/responseButtonOffersNo0L.png' class='respPic'></div></div>","3","7","Chris","trustrating_stim/white_mw089.bmp","Kept","0.4,0.8","14","0.4","139","26"
"html-keyboard-response","172","560778","0.0-18.0-2.25","","bdp_trlrn","Mon Nov 08 2021 23:25:18 GMT-0500 (Eastern Standard Time)","760155","Untrustworthy,Trustworthy","","null","","","","decisionFB","","<div class='trialDiv'><img src='trustrating_stim/white_mw089.bmp'><br><font class='baseline'><strong>Chris</strong><p>Choose number of points to send.</font><div class='respPicDiv'><img src='img/responseButtonOffersNo0L3.png' class='respPic'></div></div>","null","7","Chris","trustrating_stim/white_mw089.bmp","Kept","0.4,0.8","14","0.4","136","26"
"html-keyboard-response","173","561781","0.0-18.0-3.25","","bdp_trlrn","Mon Nov 08 2021 23:25:18 GMT-0500 (Eastern Standard Time)","760155","Untrustworthy,Trustworthy","","null","","","","feedback","","<div class='trialDiv'><img src='trustrating_stim/white_mw089.bmp'><br><font class='baseline'><strong>Chris</strong><p>Received: <strong>12</strong></font> &nbsp; &nbsp; &nbsp; &nbsp; &nbsp; &nbsp;<font class='negOutcome'>Shared back: <strong>0</strong></font></font><div class='respPicDiv'><img src='img/responseButtonOffersNo0_wht.png' class='respPic'></div></div>","null","7","Chris","trustrating_stim/white_mw089.bmp","Kept","0.4,0.8","14","0.4","136","26"
"html-keyboard-response","174","562634","0.0-18.0-1.26","","bdp_trlrn","Mon Nov 08 2021 23:25:18 GMT-0500 (Eastern Standard Time)","760155","Untrustworthy,Trustworthy","","852","","","","decision","","<div class='trialDiv'><img src='trustrating_stim/white_00785_941205_fb_edt.bmp'><br><font class='baseline'><strong>Brian</strong><p>Choose number of points to send.</font><div class='respPicDiv'><img src='img/responseButtonOffersNo0L.png' class='respPic'></div></div>","1","7","Brian","trustrating_stim/white_00785_941205_fb_edt.bmp","Kept","0.2,0.6","14","0.2","141","27"
"html-keyboard-response","175","562890","0.0-18.0-2.26","","bdp_trlrn","Mon Nov 08 2021 23:25:18 GMT-0500 (Eastern Standard Time)","760155","Untrustworthy,Trustworthy","","null","","","","decisionFB","","<div class='trialDiv'><img src='trustrating_stim/white_00785_941205_fb_edt.bmp'><br><font class='baseline'><strong>Brian</strong><p>Choose number of points to send.</font><div class='respPicDiv'><img src='img/responseButtonOffersNo0L1.png' class='respPic'></div></div>","null","7","Brian","trustrating_stim/white_00785_941205_fb_edt.bmp","Kept","0.2,0.6","14","0.2","140","27"
"html-keyboard-response","176","563893","0.0-18.0-3.26","","bdp_trlrn","Mon Nov 08 2021 23:25:18 GMT-0500 (Eastern Standard Time)","760155","Untrustworthy,Trustworthy","","null","","","","feedback","","<div class='trialDiv'><img src='trustrating_stim/white_00785_941205_fb_edt.bmp'><br><font class='baseline'><strong>Brian</strong><p>Received: <strong>4</strong></font> &nbsp; &nbsp; &nbsp; &nbsp; &nbsp; &nbsp;<font class='negOutcome'>Shared back: <strong>0</strong></font></font><div class='respPicDiv'><img src='img/responseButtonOffersNo0_wht.png' class='respPic'></div></div>","null","7","Brian","trustrating_stim/white_00785_941205_fb_edt.bmp","Kept","0.2,0.6","14","0.2","140","27"
"html-keyboard-response","177","565942","0.0-18.0-1.27","","bdp_trlrn","Mon Nov 08 2021 23:25:18 GMT-0500 (Eastern Standard Time)","760155","Untrustworthy,Trustworthy","","2048","","","","decision","","<div class='trialDiv'><img src='trustrating_stim/white_mw084.bmp'><br><font class='baseline'><strong>Joseph</strong><p>Choose number of points to send.</font><div class='respPicDiv'><img src='img/responseButtonOffersNo0L.png' class='respPic'></div></div>","2","7","Joseph","trustrating_stim/white_mw084.bmp","Shared","0.8,0.4","11","0.8","145","28"
"html-keyboard-response","178","566197","0.0-18.0-2.27","","bdp_trlrn","Mon Nov 08 2021 23:25:18 GMT-0500 (Eastern Standard Time)","760155","Untrustworthy,Trustworthy","","null","","","","decisionFB","","<div class='trialDiv'><img src='trustrating_stim/white_mw084.bmp'><br><font class='baseline'><strong>Joseph</strong><p>Choose number of points to send.</font><div class='respPicDiv'><img src='img/responseButtonOffersNo0L2.png' class='respPic'></div></div>","null","7","Joseph","trustrating_stim/white_mw084.bmp","Shared","0.8,0.4","11","0.8","143","28"
"html-keyboard-response","179","567199","0.0-18.0-3.27","","bdp_trlrn","Mon Nov 08 2021 23:25:18 GMT-0500 (Eastern Standard Time)","760155","Untrustworthy,Trustworthy","","null","","","","feedback","","<div class='trialDiv'><img src='trustrating_stim/white_mw084.bmp'><br><font class='baseline'><strong>Joseph</strong><p>Received: <strong>8</strong></font> &nbsp; &nbsp; &nbsp; &nbsp; &nbsp; &nbsp;<font class='posOutcome'>Shared back: <strong>4</strong></font></font><div class='respPicDiv'><img src='img/responseButtonOffersNo0_wht.png' class='respPic'></div></div>","null","7","Joseph","trustrating_stim/white_mw084.bmp","Shared","0.8,0.4","11","0.8","147","28"
"html-keyboard-response","180","569084","0.0-18.0-1.28","","bdp_trlrn","Mon Nov 08 2021 23:25:18 GMT-0500 (Eastern Standard Time)","760155","Untrustworthy,Trustworthy","","1883","","","","decision","","<div class='trialDiv'><img src='trustrating_stim/white_mw035.bmp'><br><font class='baseline'><strong>Nathan</strong><p>Choose number of points to send.</font><div class='respPicDiv'><img src='img/responseButtonOffersNo0L.png' class='respPic'></div></div>","3","8","Nathan","trustrating_stim/white_mw035.bmp","Kept","0.6,0.2","12","0.6","152","29"
"html-keyboard-response","181","569337","0.0-18.0-2.28","","bdp_trlrn","Mon Nov 08 2021 23:25:18 GMT-0500 (Eastern Standard Time)","760155","Untrustworthy,Trustworthy","","null","","","","decisionFB","","<div class='trialDiv'><img src='trustrating_stim/white_mw035.bmp'><br><font class='baseline'><strong>Nathan</strong><p>Choose number of points to send.</font><div class='respPicDiv'><img src='img/responseButtonOffersNo0L3.png' class='respPic'></div></div>","null","8","Nathan","trustrating_stim/white_mw035.bmp","Kept","0.6,0.2","12","0.6","149","29"
"html-keyboard-response","182","570341","0.0-18.0-3.28","","bdp_trlrn","Mon Nov 08 2021 23:25:18 GMT-0500 (Eastern Standard Time)","760155","Untrustworthy,Trustworthy","","null","","","","feedback","","<div class='trialDiv'><img src='trustrating_stim/white_mw035.bmp'><br><font class='baseline'><strong>Nathan</strong><p>Received: <strong>12</strong></font> &nbsp; &nbsp; &nbsp; &nbsp; &nbsp; &nbsp;<font class='negOutcome'>Shared back: <strong>0</strong></font></font><div class='respPicDiv'><img src='img/responseButtonOffersNo0_wht.png' class='respPic'></div></div>","null","8","Nathan","trustrating_stim/white_mw035.bmp","Kept","0.6,0.2","12","0.6","149","29"
"html-keyboard-response","183","571996","0.0-18.0-1.29","","bdp_trlrn","Mon Nov 08 2021 23:25:18 GMT-0500 (Eastern Standard Time)","760155","Untrustworthy,Trustworthy","","1654","","","","decision","","<div class='trialDiv'><img src='trustrating_stim/white_mw089.bmp'><br><font class='baseline'><strong>Chris</strong><p>Choose number of points to send.</font><div class='respPicDiv'><img src='img/responseButtonOffersNo0L.png' class='respPic'></div></div>","1","8","Chris","trustrating_stim/white_mw089.bmp","Kept","0.4,0.8","14","0.4","154","30"
"html-keyboard-response","184","572250","0.0-18.0-2.29","","bdp_trlrn","Mon Nov 08 2021 23:25:18 GMT-0500 (Eastern Standard Time)","760155","Untrustworthy,Trustworthy","","null","","","","decisionFB","","<div class='trialDiv'><img src='trustrating_stim/white_mw089.bmp'><br><font class='baseline'><strong>Chris</strong><p>Choose number of points to send.</font><div class='respPicDiv'><img src='img/responseButtonOffersNo0L1.png' class='respPic'></div></div>","null","8","Chris","trustrating_stim/white_mw089.bmp","Kept","0.4,0.8","14","0.4","153","30"
"html-keyboard-response","185","573254","0.0-18.0-3.29","","bdp_trlrn","Mon Nov 08 2021 23:25:18 GMT-0500 (Eastern Standard Time)","760155","Untrustworthy,Trustworthy","","null","","","","feedback","","<div class='trialDiv'><img src='trustrating_stim/white_mw089.bmp'><br><font class='baseline'><strong>Chris</strong><p>Received: <strong>4</strong></font> &nbsp; &nbsp; &nbsp; &nbsp; &nbsp; &nbsp;<font class='negOutcome'>Shared back: <strong>0</strong></font></font><div class='respPicDiv'><img src='img/responseButtonOffersNo0_wht.png' class='respPic'></div></div>","null","8","Chris","trustrating_stim/white_mw089.bmp","Kept","0.4,0.8","14","0.4","153","30"
"html-keyboard-response","186","578044","0.0-18.0-1.30","","bdp_trlrn","Mon Nov 08 2021 23:25:18 GMT-0500 (Eastern Standard Time)","760155","Untrustworthy,Trustworthy","","4788","","","","decision","","<div class='trialDiv'><img src='trustrating_stim/white_mw084.bmp'><br><font class='baseline'><strong>Joseph</strong><p>Choose number of points to send.</font><div class='respPicDiv'><img src='img/responseButtonOffersNo0L.png' class='respPic'></div></div>","4","8","Joseph","trustrating_stim/white_mw084.bmp","Shared","0.8,0.4","11","0.8","158","31"
"html-keyboard-response","187","578298","0.0-18.0-2.30","","bdp_trlrn","Mon Nov 08 2021 23:25:18 GMT-0500 (Eastern Standard Time)","760155","Untrustworthy,Trustworthy","","null","","","","decisionFB","","<div class='trialDiv'><img src='trustrating_stim/white_mw084.bmp'><br><font class='baseline'><strong>Joseph</strong><p>Choose number of points to send.</font><div class='respPicDiv'><img src='img/responseButtonOffersNo0L4.png' class='respPic'></div></div>","null","8","Joseph","trustrating_stim/white_mw084.bmp","Shared","0.8,0.4","11","0.8","154","31"
"html-keyboard-response","188","579301","0.0-18.0-3.30","","bdp_trlrn","Mon Nov 08 2021 23:25:18 GMT-0500 (Eastern Standard Time)","760155","Untrustworthy,Trustworthy","","null","","","","feedback","","<div class='trialDiv'><img src='trustrating_stim/white_mw084.bmp'><br><font class='baseline'><strong>Joseph</strong><p>Received: <strong>16</strong></font> &nbsp; &nbsp; &nbsp; &nbsp; &nbsp; &nbsp;<font class='posOutcome'>Shared back: <strong>8</strong></font></font><div class='respPicDiv'><img src='img/responseButtonOffersNo0_wht.png' class='respPic'></div></div>","null","8","Joseph","trustrating_stim/white_mw084.bmp","Shared","0.8,0.4","11","0.8","162","31"
"html-keyboard-response","189","581191","0.0-18.0-1.31","","bdp_trlrn","Mon Nov 08 2021 23:25:18 GMT-0500 (Eastern Standard Time)","760155","Untrustworthy,Trustworthy","","1889","","","","decision","","<div class='trialDiv'><img src='trustrating_stim/white_00785_941205_fb_edt.bmp'><br><font class='baseline'><strong>Brian</strong><p>Choose number of points to send.</font><div class='respPicDiv'><img src='img/responseButtonOffersNo0L.png' class='respPic'></div></div>","4","8","Brian","trustrating_stim/white_00785_941205_fb_edt.bmp","Kept","0.2,0.6","14","0.2","167","32"
"html-keyboard-response","190","581444","0.0-18.0-2.31","","bdp_trlrn","Mon Nov 08 2021 23:25:18 GMT-0500 (Eastern Standard Time)","760155","Untrustworthy,Trustworthy","","null","","","","decisionFB","","<div class='trialDiv'><img src='trustrating_stim/white_00785_941205_fb_edt.bmp'><br><font class='baseline'><strong>Brian</strong><p>Choose number of points to send.</font><div class='respPicDiv'><img src='img/responseButtonOffersNo0L4.png' class='respPic'></div></div>","null","8","Brian","trustrating_stim/white_00785_941205_fb_edt.bmp","Kept","0.2,0.6","14","0.2","163","32"
"html-keyboard-response","191","582447","0.0-18.0-3.31","","bdp_trlrn","Mon Nov 08 2021 23:25:18 GMT-0500 (Eastern Standard Time)","760155","Untrustworthy,Trustworthy","","null","","","","feedback","","<div class='trialDiv'><img src='trustrating_stim/white_00785_941205_fb_edt.bmp'><br><font class='baseline'><strong>Brian</strong><p>Received: <strong>16</strong></font> &nbsp; &nbsp; &nbsp; &nbsp; &nbsp; &nbsp;<font class='negOutcome'>Shared back: <strong>0</strong></font></font><div class='respPicDiv'><img src='img/responseButtonOffersNo0_wht.png' class='respPic'></div></div>","null","8","Brian","trustrating_stim/white_00785_941205_fb_edt.bmp","Kept","0.2,0.6","14","0.2","163","32"
"html-keyboard-response","192","582851","0.0-18.0-1.32","","bdp_trlrn","Mon Nov 08 2021 23:25:18 GMT-0500 (Eastern Standard Time)","760155","Untrustworthy,Trustworthy","","402","","","","decision","","<div class='trialDiv'><img src='trustrating_stim/white_mw084.bmp'><br><font class='baseline'><strong>Joseph</strong><p>Choose number of points to send.</font><div class='respPicDiv'><img src='img/responseButtonOffersNo0L.png' class='respPic'></div></div>","2","9","Joseph","trustrating_stim/white_mw084.bmp","Shared","0.8,0.4","11","0.8","168","33"
"html-keyboard-response","193","583103","0.0-18.0-2.32","","bdp_trlrn","Mon Nov 08 2021 23:25:18 GMT-0500 (Eastern Standard Time)","760155","Untrustworthy,Trustworthy","","null","","","","decisionFB","","<div class='trialDiv'><img src='trustrating_stim/white_mw084.bmp'><br><font class='baseline'><strong>Joseph</strong><p>Choose number of points to send.</font><div class='respPicDiv'><img src='img/responseButtonOffersNo0L2.png' class='respPic'></div></div>","null","9","Joseph","trustrating_stim/white_mw084.bmp","Shared","0.8,0.4","11","0.8","166","33"
"html-keyboard-response","194","584106","0.0-18.0-3.32","","bdp_trlrn","Mon Nov 08 2021 23:25:18 GMT-0500 (Eastern Standard Time)","760155","Untrustworthy,Trustworthy","","null","","","","feedback","","<div class='trialDiv'><img src='trustrating_stim/white_mw084.bmp'><br><font class='baseline'><strong>Joseph</strong><p>Received: <strong>8</strong></font> &nbsp; &nbsp; &nbsp; &nbsp; &nbsp; &nbsp;<font class='posOutcome'>Shared back: <strong>4</strong></font></font><div class='respPicDiv'><img src='img/responseButtonOffersNo0_wht.png' class='respPic'></div></div>","null","9","Joseph","trustrating_stim/white_mw084.bmp","Shared","0.8,0.4","11","0.8","170","33"
"html-keyboard-response","195","585017","0.0-18.0-1.33","","bdp_trlrn","Mon Nov 08 2021 23:25:18 GMT-0500 (Eastern Standard Time)","760155","Untrustworthy,Trustworthy","","910","","","","decision","","<div class='trialDiv'><img src='trustrating_stim/white_00785_941205_fb_edt.bmp'><br><font class='baseline'><strong>Brian</strong><p>Choose number of points to send.</font><div class='respPicDiv'><img src='img/responseButtonOffersNo0L.png' class='respPic'></div></div>","3","9","Brian","trustrating_stim/white_00785_941205_fb_edt.bmp","Kept","0.2,0.6","14","0.2","175","34"
"html-keyboard-response","196","585274","0.0-18.0-2.33","","bdp_trlrn","Mon Nov 08 2021 23:25:18 GMT-0500 (Eastern Standard Time)","760155","Untrustworthy,Trustworthy","","null","","","","decisionFB","","<div class='trialDiv'><img src='trustrating_stim/white_00785_941205_fb_edt.bmp'><br><font class='baseline'><strong>Brian</strong><p>Choose number of points to send.</font><div class='respPicDiv'><img src='img/responseButtonOffersNo0L3.png' class='respPic'></div></div>","null","9","Brian","trustrating_stim/white_00785_941205_fb_edt.bmp","Kept","0.2,0.6","14","0.2","172","34"
"html-keyboard-response","197","586276","0.0-18.0-3.33","","bdp_trlrn","Mon Nov 08 2021 23:25:18 GMT-0500 (Eastern Standard Time)","760155","Untrustworthy,Trustworthy","","null","","","","feedback","","<div class='trialDiv'><img src='trustrating_stim/white_00785_941205_fb_edt.bmp'><br><font class='baseline'><strong>Brian</strong><p>Received: <strong>12</strong></font> &nbsp; &nbsp; &nbsp; &nbsp; &nbsp; &nbsp;<font class='negOutcome'>Shared back: <strong>0</strong></font></font><div class='respPicDiv'><img src='img/responseButtonOffersNo0_wht.png' class='respPic'></div></div>","null","9","Brian","trustrating_stim/white_00785_941205_fb_edt.bmp","Kept","0.2,0.6","14","0.2","172","34"
"html-keyboard-response","198","586959","0.0-18.0-1.34","","bdp_trlrn","Mon Nov 08 2021 23:25:18 GMT-0500 (Eastern Standard Time)","760155","Untrustworthy,Trustworthy","","681","","","","decision","","<div class='trialDiv'><img src='trustrating_stim/white_mw035.bmp'><br><font class='baseline'><strong>Nathan</strong><p>Choose number of points to send.</font><div class='respPicDiv'><img src='img/responseButtonOffersNo0L.png' class='respPic'></div></div>","1","9","Nathan","trustrating_stim/white_mw035.bmp","Shared","0.6,0.2","12","0.6","177","35"
"html-keyboard-response","199","587212","0.0-18.0-2.34","","bdp_trlrn","Mon Nov 08 2021 23:25:18 GMT-0500 (Eastern Standard Time)","760155","Untrustworthy,Trustworthy","","null","","","","decisionFB","","<div class='trialDiv'><img src='trustrating_stim/white_mw035.bmp'><br><font class='baseline'><strong>Nathan</strong><p>Choose number of points to send.</font><div class='respPicDiv'><img src='img/responseButtonOffersNo0L1.png' class='respPic'></div></div>","null","9","Nathan","trustrating_stim/white_mw035.bmp","Shared","0.6,0.2","12","0.6","176","35"
"html-keyboard-response","200","588215","0.0-18.0-3.34","","bdp_trlrn","Mon Nov 08 2021 23:25:18 GMT-0500 (Eastern Standard Time)","760155","Untrustworthy,Trustworthy","","null","","","","feedback","","<div class='trialDiv'><img src='trustrating_stim/white_mw035.bmp'><br><font class='baseline'><strong>Nathan</strong><p>Received: <strong>4</strong></font> &nbsp; &nbsp; &nbsp; &nbsp; &nbsp; &nbsp;<font class='posOutcome'>Shared back: <strong>2</strong></font></font><div class='respPicDiv'><img src='img/responseButtonOffersNo0_wht.png' class='respPic'></div></div>","null","9","Nathan","trustrating_stim/white_mw035.bmp","Shared","0.6,0.2","12","0.6","178","35"
"html-keyboard-response","201","589011","0.0-18.0-1.35","","bdp_trlrn","Mon Nov 08 2021 23:25:18 GMT-0500 (Eastern Standard Time)","760155","Untrustworthy,Trustworthy","","795","","","","decision","","<div class='trialDiv'><img src='trustrating_stim/white_mw089.bmp'><br><font class='baseline'><strong>Chris</strong><p>Choose number of points to send.</font><div class='respPicDiv'><img src='img/responseButtonOffersNo0L.png' class='respPic'></div></div>","4","9","Chris","trustrating_stim/white_mw089.bmp","Shared","0.4,0.8","14","0.4","183","36"
"html-keyboard-response","202","589263","0.0-18.0-2.35","","bdp_trlrn","Mon Nov 08 2021 23:25:18 GMT-0500 (Eastern Standard Time)","760155","Untrustworthy,Trustworthy","","null","","","","decisionFB","","<div class='trialDiv'><img src='trustrating_stim/white_mw089.bmp'><br><font class='baseline'><strong>Chris</strong><p>Choose number of points to send.</font><div class='respPicDiv'><img src='img/responseButtonOffersNo0L4.png' class='respPic'></div></div>","null","9","Chris","trustrating_stim/white_mw089.bmp","Shared","0.4,0.8","14","0.4","179","36"
"html-keyboard-response","203","590268","0.0-18.0-3.35","","bdp_trlrn","Mon Nov 08 2021 23:25:18 GMT-0500 (Eastern Standard Time)","760155","Untrustworthy,Trustworthy","","null","","","","feedback","","<div class='trialDiv'><img src='trustrating_stim/white_mw089.bmp'><br><font class='baseline'><strong>Chris</strong><p>Received: <strong>16</strong></font> &nbsp; &nbsp; &nbsp; &nbsp; &nbsp; &nbsp;<font class='posOutcome'>Shared back: <strong>8</strong></font></font><div class='respPicDiv'><img src='img/responseButtonOffersNo0_wht.png' class='respPic'></div></div>","null","9","Chris","trustrating_stim/white_mw089.bmp","Shared","0.4,0.8","14","0.4","187","36"
"html-keyboard-response","204","590853","0.0-18.0-1.36","","bdp_trlrn","Mon Nov 08 2021 23:25:18 GMT-0500 (Eastern Standard Time)","760155","Untrustworthy,Trustworthy","","583","","","","decision","","<div class='trialDiv'><img src='trustrating_stim/white_mw084.bmp'><br><font class='baseline'><strong>Joseph</strong><p>Choose number of points to send.</font><div class='respPicDiv'><img src='img/responseButtonOffersNo0L.png' class='respPic'></div></div>","4","10","Joseph","trustrating_stim/white_mw084.bmp","Kept","0.8,0.4","11","0.8","192","37"
"html-keyboard-response","205","591108","0.0-18.0-2.36","","bdp_trlrn","Mon Nov 08 2021 23:25:18 GMT-0500 (Eastern Standard Time)","760155","Untrustworthy,Trustworthy","","null","","","","decisionFB","","<div class='trialDiv'><img src='trustrating_stim/white_mw084.bmp'><br><font class='baseline'><strong>Joseph</strong><p>Choose number of points to send.</font><div class='respPicDiv'><img src='img/responseButtonOffersNo0L4.png' class='respPic'></div></div>","null","10","Joseph","trustrating_stim/white_mw084.bmp","Kept","0.8,0.4","11","0.8","188","37"
"html-keyboard-response","206","592112","0.0-18.0-3.36","","bdp_trlrn","Mon Nov 08 2021 23:25:18 GMT-0500 (Eastern Standard Time)","760155","Untrustworthy,Trustworthy","","null","","","","feedback","","<div class='trialDiv'><img src='trustrating_stim/white_mw084.bmp'><br><font class='baseline'><strong>Joseph</strong><p>Received: <strong>16</strong></font> &nbsp; &nbsp; &nbsp; &nbsp; &nbsp; &nbsp;<font class='negOutcome'>Shared back: <strong>0</strong></font></font><div class='respPicDiv'><img src='img/responseButtonOffersNo0_wht.png' class='respPic'></div></div>","null","10","Joseph","trustrating_stim/white_mw084.bmp","Kept","0.8,0.4","11","0.8","188","37"
"html-keyboard-response","207","593286","0.0-18.0-1.37","","bdp_trlrn","Mon Nov 08 2021 23:25:18 GMT-0500 (Eastern Standard Time)","760155","Untrustworthy,Trustworthy","","1172","","","","decision","","<div class='trialDiv'><img src='trustrating_stim/white_mw089.bmp'><br><font class='baseline'><strong>Chris</strong><p>Choose number of points to send.</font><div class='respPicDiv'><img src='img/responseButtonOffersNo0L.png' class='respPic'></div></div>","1","10","Chris","trustrating_stim/white_mw089.bmp","Kept","0.4,0.8","14","0.4","193","38"
"html-keyboard-response","208","593540","0.0-18.0-2.37","","bdp_trlrn","Mon Nov 08 2021 23:25:18 GMT-0500 (Eastern Standard Time)","760155","Untrustworthy,Trustworthy","","null","","","","decisionFB","","<div class='trialDiv'><img src='trustrating_stim/white_mw089.bmp'><br><font class='baseline'><strong>Chris</strong><p>Choose number of points to send.</font><div class='respPicDiv'><img src='img/responseButtonOffersNo0L1.png' class='respPic'></div></div>","null","10","Chris","trustrating_stim/white_mw089.bmp","Kept","0.4,0.8","14","0.4","192","38"
"html-keyboard-response","209","594543","0.0-18.0-3.37","","bdp_trlrn","Mon Nov 08 2021 23:25:18 GMT-0500 (Eastern Standard Time)","760155","Untrustworthy,Trustworthy","","null","","","","feedback","","<div class='trialDiv'><img src='trustrating_stim/white_mw089.bmp'><br><font class='baseline'><strong>Chris</strong><p>Received: <strong>4</strong></font> &nbsp; &nbsp; &nbsp; &nbsp; &nbsp; &nbsp;<font class='negOutcome'>Shared back: <strong>0</strong></font></font><div class='respPicDiv'><img src='img/responseButtonOffersNo0_wht.png' class='respPic'></div></div>","null","10","Chris","trustrating_stim/white_mw089.bmp","Kept","0.4,0.8","14","0.4","192","38"
"html-keyboard-response","210","594867","0.0-18.0-1.38","","bdp_trlrn","Mon Nov 08 2021 23:25:18 GMT-0500 (Eastern Standard Time)","760155","Untrustworthy,Trustworthy","","322","","","","decision","","<div class='trialDiv'><img src='trustrating_stim/white_00785_941205_fb_edt.bmp'><br><font class='baseline'><strong>Brian</strong><p>Choose number of points to send.</font><div class='respPicDiv'><img src='img/responseButtonOffersNo0L.png' class='respPic'></div></div>","2","10","Brian","trustrating_stim/white_00785_941205_fb_edt.bmp","Shared","0.2,0.6","14","0.2","197","39"
"html-keyboard-response","211","595122","0.0-18.0-2.38","","bdp_trlrn","Mon Nov 08 2021 23:25:18 GMT-0500 (Eastern Standard Time)","760155","Untrustworthy,Trustworthy","","null","","","","decisionFB","","<div class='trialDiv'><img src='trustrating_stim/white_00785_941205_fb_edt.bmp'><br><font class='baseline'><strong>Brian</strong><p>Choose number of points to send.</font><div class='respPicDiv'><img src='img/responseButtonOffersNo0L2.png' class='respPic'></div></div>","null","10","Brian","trustrating_stim/white_00785_941205_fb_edt.bmp","Shared","0.2,0.6","14","0.2","195","39"
"html-keyboard-response","212","596127","0.0-18.0-3.38","","bdp_trlrn","Mon Nov 08 2021 23:25:18 GMT-0500 (Eastern Standard Time)","760155","Untrustworthy,Trustworthy","","null","","","","feedback","","<div class='trialDiv'><img src='trustrating_stim/white_00785_941205_fb_edt.bmp'><br><font class='baseline'><strong>Brian</strong><p>Received: <strong>8</strong></font> &nbsp; &nbsp; &nbsp; &nbsp; &nbsp; &nbsp;<font class='posOutcome'>Shared back: <strong>4</strong></font></font><div class='respPicDiv'><img src='img/responseButtonOffersNo0_wht.png' class='respPic'></div></div>","null","10","Brian","trustrating_stim/white_00785_941205_fb_edt.bmp","Shared","0.2,0.6","14","0.2","199","39"
"html-keyboard-response","213","596671","0.0-18.0-1.39","","bdp_trlrn","Mon Nov 08 2021 23:25:18 GMT-0500 (Eastern Standard Time)","760155","Untrustworthy,Trustworthy","","541","","","","decision","","<div class='trialDiv'><img src='trustrating_stim/white_mw035.bmp'><br><font class='baseline'><strong>Nathan</strong><p>Choose number of points to send.</font><div class='respPicDiv'><img src='img/responseButtonOffersNo0L.png' class='respPic'></div></div>","2","10","Nathan","trustrating_stim/white_mw035.bmp","Kept","0.6,0.2","12","0.6","204","40"
"html-keyboard-response","214","596927","0.0-18.0-2.39","","bdp_trlrn","Mon Nov 08 2021 23:25:18 GMT-0500 (Eastern Standard Time)","760155","Untrustworthy,Trustworthy","","null","","","","decisionFB","","<div class='trialDiv'><img src='trustrating_stim/white_mw035.bmp'><br><font class='baseline'><strong>Nathan</strong><p>Choose number of points to send.</font><div class='respPicDiv'><img src='img/responseButtonOffersNo0L2.png' class='respPic'></div></div>","null","10","Nathan","trustrating_stim/white_mw035.bmp","Kept","0.6,0.2","12","0.6","202","40"
"html-keyboard-response","215","597930","0.0-18.0-3.39","","bdp_trlrn","Mon Nov 08 2021 23:25:18 GMT-0500 (Eastern Standard Time)","760155","Untrustworthy,Trustworthy","","null","","","","feedback","","<div class='trialDiv'><img src='trustrating_stim/white_mw035.bmp'><br><font class='baseline'><strong>Nathan</strong><p>Received: <strong>8</strong></font> &nbsp; &nbsp; &nbsp; &nbsp; &nbsp; &nbsp;<font class='negOutcome'>Shared back: <strong>0</strong></font></font><div class='respPicDiv'><img src='img/responseButtonOffersNo0_wht.png' class='respPic'></div></div>","null","10","Nathan","trustrating_stim/white_mw035.bmp","Kept","0.6,0.2","12","0.6","202","40"
"html-keyboard-response","216","598422","0.0-18.0-1.40","","bdp_trlrn","Mon Nov 08 2021 23:25:18 GMT-0500 (Eastern Standard Time)","760155","Untrustworthy,Trustworthy","","491","","","","decision","","<div class='trialDiv'><img src='trustrating_stim/white_mw084.bmp'><br><font class='baseline'><strong>Joseph</strong><p>Choose number of points to send.</font><div class='respPicDiv'><img src='img/responseButtonOffersNo0L.png' class='respPic'></div></div>","4","11","Joseph","trustrating_stim/white_mw084.bmp","Shared","0.8,0.4","11","0.8","207","41"
"html-keyboard-response","217","598676","0.0-18.0-2.40","","bdp_trlrn","Mon Nov 08 2021 23:25:18 GMT-0500 (Eastern Standard Time)","760155","Untrustworthy,Trustworthy","","null","","","","decisionFB","","<div class='trialDiv'><img src='trustrating_stim/white_mw084.bmp'><br><font class='baseline'><strong>Joseph</strong><p>Choose number of points to send.</font><div class='respPicDiv'><img src='img/responseButtonOffersNo0L4.png' class='respPic'></div></div>","null","11","Joseph","trustrating_stim/white_mw084.bmp","Shared","0.8,0.4","11","0.8","203","41"
"html-keyboard-response","218","599679","0.0-18.0-3.40","","bdp_trlrn","Mon Nov 08 2021 23:25:18 GMT-0500 (Eastern Standard Time)","760155","Untrustworthy,Trustworthy","","null","","","","feedback","","<div class='trialDiv'><img src='trustrating_stim/white_mw084.bmp'><br><font class='baseline'><strong>Joseph</strong><p>Received: <strong>16</strong></font> &nbsp; &nbsp; &nbsp; &nbsp; &nbsp; &nbsp;<font class='posOutcome'>Shared back: <strong>8</strong></font></font><div class='respPicDiv'><img src='img/responseButtonOffersNo0_wht.png' class='respPic'></div></div>","null","11","Joseph","trustrating_stim/white_mw084.bmp","Shared","0.8,0.4","11","0.8","211","41"
"html-keyboard-response","219","600280","0.0-18.0-1.41","","bdp_trlrn","Mon Nov 08 2021 23:25:18 GMT-0500 (Eastern Standard Time)","760155","Untrustworthy,Trustworthy","","598","","","","decision","","<div class='trialDiv'><img src='trustrating_stim/white_00785_941205_fb_edt.bmp'><br><font class='baseline'><strong>Brian</strong><p>Choose number of points to send.</font><div class='respPicDiv'><img src='img/responseButtonOffersNo0L.png' class='respPic'></div></div>","5","11","Brian","trustrating_stim/white_00785_941205_fb_edt.bmp","Kept","0.2,0.6","14","0.2","216","42"
"html-keyboard-response","220","600532","0.0-18.0-2.41","","bdp_trlrn","Mon Nov 08 2021 23:25:18 GMT-0500 (Eastern Standard Time)","760155","Untrustworthy,Trustworthy","","null","","","","decisionFB","","<div class='trialDiv'><img src='trustrating_stim/white_00785_941205_fb_edt.bmp'><br><font class='baseline'><strong>Brian</strong><p>Choose number of points to send.</font><div class='respPicDiv'><img src='img/responseButtonOffersNo0L5.png' class='respPic'></div></div>","null","11","Brian","trustrating_stim/white_00785_941205_fb_edt.bmp","Kept","0.2,0.6","14","0.2","211","42"
"html-keyboard-response","221","601535","0.0-18.0-3.41","","bdp_trlrn","Mon Nov 08 2021 23:25:18 GMT-0500 (Eastern Standard Time)","760155","Untrustworthy,Trustworthy","","null","","","","feedback","","<div class='trialDiv'><img src='trustrating_stim/white_00785_941205_fb_edt.bmp'><br><font class='baseline'><strong>Brian</strong><p>Received: <strong>20</strong></font> &nbsp; &nbsp; &nbsp; &nbsp; &nbsp; &nbsp;<font class='negOutcome'>Shared back: <strong>0</strong></font></font><div class='respPicDiv'><img src='img/responseButtonOffersNo0_wht.png' class='respPic'></div></div>","null","11","Brian","trustrating_stim/white_00785_941205_fb_edt.bmp","Kept","0.2,0.6","14","0.2","211","42"
"html-keyboard-response","222","602125","0.0-18.0-1.42","","bdp_trlrn","Mon Nov 08 2021 23:25:18 GMT-0500 (Eastern Standard Time)","760155","Untrustworthy,Trustworthy","","587","","","","decision","","<div class='trialDiv'><img src='trustrating_stim/white_mw035.bmp'><br><font class='baseline'><strong>Nathan</strong><p>Choose number of points to send.</font><div class='respPicDiv'><img src='img/responseButtonOffersNo0L.png' class='respPic'></div></div>","5","11","Nathan","trustrating_stim/white_mw035.bmp","Kept","0.6,0.2","12","0.6","216","43"
"html-keyboard-response","223","602377","0.0-18.0-2.42","","bdp_trlrn","Mon Nov 08 2021 23:25:18 GMT-0500 (Eastern Standard Time)","760155","Untrustworthy,Trustworthy","","null","","","","decisionFB","","<div class='trialDiv'><img src='trustrating_stim/white_mw035.bmp'><br><font class='baseline'><strong>Nathan</strong><p>Choose number of points to send.</font><div class='respPicDiv'><img src='img/responseButtonOffersNo0L5.png' class='respPic'></div></div>","null","11","Nathan","trustrating_stim/white_mw035.bmp","Kept","0.6,0.2","12","0.6","211","43"
"html-keyboard-response","224","603380","0.0-18.0-3.42","","bdp_trlrn","Mon Nov 08 2021 23:25:18 GMT-0500 (Eastern Standard Time)","760155","Untrustworthy,Trustworthy","","null","","","","feedback","","<div class='trialDiv'><img src='trustrating_stim/white_mw035.bmp'><br><font class='baseline'><strong>Nathan</strong><p>Received: <strong>20</strong></font> &nbsp; &nbsp; &nbsp; &nbsp; &nbsp; &nbsp;<font class='negOutcome'>Shared back: <strong>0</strong></font></font><div class='respPicDiv'><img src='img/responseButtonOffersNo0_wht.png' class='respPic'></div></div>","null","11","Nathan","trustrating_stim/white_mw035.bmp","Kept","0.6,0.2","12","0.6","211","43"
"html-keyboard-response","225","604212","0.0-18.0-1.43","","bdp_trlrn","Mon Nov 08 2021 23:25:18 GMT-0500 (Eastern Standard Time)","760155","Untrustworthy,Trustworthy","","830","","","","decision","","<div class='trialDiv'><img src='trustrating_stim/white_mw089.bmp'><br><font class='baseline'><strong>Chris</strong><p>Choose number of points to send.</font><div class='respPicDiv'><img src='img/responseButtonOffersNo0L.png' class='respPic'></div></div>","5","11","Chris","trustrating_stim/white_mw089.bmp","Kept","0.4,0.8","14","0.4","216","44"
"html-keyboard-response","226","604468","0.0-18.0-2.43","","bdp_trlrn","Mon Nov 08 2021 23:25:18 GMT-0500 (Eastern Standard Time)","760155","Untrustworthy,Trustworthy","","null","","","","decisionFB","","<div class='trialDiv'><img src='trustrating_stim/white_mw089.bmp'><br><font class='baseline'><strong>Chris</strong><p>Choose number of points to send.</font><div class='respPicDiv'><img src='img/responseButtonOffersNo0L5.png' class='respPic'></div></div>","null","11","Chris","trustrating_stim/white_mw089.bmp","Kept","0.4,0.8","14","0.4","211","44"
"html-keyboard-response","227","605474","0.0-18.0-3.43","","bdp_trlrn","Mon Nov 08 2021 23:25:18 GMT-0500 (Eastern Standard Time)","760155","Untrustworthy,Trustworthy","","null","","","","feedback","","<div class='trialDiv'><img src='trustrating_stim/white_mw089.bmp'><br><font class='baseline'><strong>Chris</strong><p>Received: <strong>20</strong></font> &nbsp; &nbsp; &nbsp; &nbsp; &nbsp; &nbsp;<font class='negOutcome'>Shared back: <strong>0</strong></font></font><div class='respPicDiv'><img src='img/responseButtonOffersNo0_wht.png' class='respPic'></div></div>","null","11","Chris","trustrating_stim/white_mw089.bmp","Kept","0.4,0.8","14","0.4","211","44"
"html-keyboard-response","228","605770","0.0-18.0-1.44","","bdp_trlrn","Mon Nov 08 2021 23:25:18 GMT-0500 (Eastern Standard Time)","760155","Untrustworthy,Trustworthy","","294","","","","decision","","<div class='trialDiv'><img src='trustrating_stim/white_mw084.bmp'><br><font class='baseline'><strong>Joseph</strong><p>Choose number of points to send.</font><div class='respPicDiv'><img src='img/responseButtonOffersNo0L.png' class='respPic'></div></div>","1","12","Joseph","trustrating_stim/white_mw084.bmp","Kept","0.8,0.4","11","0.8","216","45"
"html-keyboard-response","229","606026","0.0-18.0-2.44","","bdp_trlrn","Mon Nov 08 2021 23:25:18 GMT-0500 (Eastern Standard Time)","760155","Untrustworthy,Trustworthy","","null","","","","decisionFB","","<div class='trialDiv'><img src='trustrating_stim/white_mw084.bmp'><br><font class='baseline'><strong>Joseph</strong><p>Choose number of points to send.</font><div class='respPicDiv'><img src='img/responseButtonOffersNo0L1.png' class='respPic'></div></div>","null","12","Joseph","trustrating_stim/white_mw084.bmp","Kept","0.8,0.4","11","0.8","215","45"
"html-keyboard-response","230","607028","0.0-18.0-3.44","","bdp_trlrn","Mon Nov 08 2021 23:25:18 GMT-0500 (Eastern Standard Time)","760155","Untrustworthy,Trustworthy","","null","","","","feedback","","<div class='trialDiv'><img src='trustrating_stim/white_mw084.bmp'><br><font class='baseline'><strong>Joseph</strong><p>Received: <strong>4</strong></font> &nbsp; &nbsp; &nbsp; &nbsp; &nbsp; &nbsp;<font class='negOutcome'>Shared back: <strong>0</strong></font></font><div class='respPicDiv'><img src='img/responseButtonOffersNo0_wht.png' class='respPic'></div></div>","null","12","Joseph","trustrating_stim/white_mw084.bmp","Kept","0.8,0.4","11","0.8","215","45"
"html-keyboard-response","231","607356","0.0-18.0-1.45","","bdp_trlrn","Mon Nov 08 2021 23:25:18 GMT-0500 (Eastern Standard Time)","760155","Untrustworthy,Trustworthy","","325","","","","decision","","<div class='trialDiv'><img src='trustrating_stim/white_mw035.bmp'><br><font class='baseline'><strong>Nathan</strong><p>Choose number of points to send.</font><div class='respPicDiv'><img src='img/responseButtonOffersNo0L.png' class='respPic'></div></div>","3","12","Nathan","trustrating_stim/white_mw035.bmp","Kept","0.6,0.2","12","0.6","220","46"
"html-keyboard-response","232","607610","0.0-18.0-2.45","","bdp_trlrn","Mon Nov 08 2021 23:25:18 GMT-0500 (Eastern Standard Time)","760155","Untrustworthy,Trustworthy","","null","","","","decisionFB","","<div class='trialDiv'><img src='trustrating_stim/white_mw035.bmp'><br><font class='baseline'><strong>Nathan</strong><p>Choose number of points to send.</font><div class='respPicDiv'><img src='img/responseButtonOffersNo0L3.png' class='respPic'></div></div>","null","12","Nathan","trustrating_stim/white_mw035.bmp","Kept","0.6,0.2","12","0.6","217","46"
"html-keyboard-response","233","608612","0.0-18.0-3.45","","bdp_trlrn","Mon Nov 08 2021 23:25:18 GMT-0500 (Eastern Standard Time)","760155","Untrustworthy,Trustworthy","","null","","","","feedback","","<div class='trialDiv'><img src='trustrating_stim/white_mw035.bmp'><br><font class='baseline'><strong>Nathan</strong><p>Received: <strong>12</strong></font> &nbsp; &nbsp; &nbsp; &nbsp; &nbsp; &nbsp;<font class='negOutcome'>Shared back: <strong>0</strong></font></font><div class='respPicDiv'><img src='img/responseButtonOffersNo0_wht.png' class='respPic'></div></div>","null","12","Nathan","trustrating_stim/white_mw035.bmp","Kept","0.6,0.2","12","0.6","217","46"
"html-keyboard-response","234","608902","0.0-18.0-1.46","","bdp_trlrn","Mon Nov 08 2021 23:25:18 GMT-0500 (Eastern Standard Time)","760155","Untrustworthy,Trustworthy","","287","","","","decision","","<div class='trialDiv'><img src='trustrating_stim/white_mw089.bmp'><br><font class='baseline'><strong>Chris</strong><p>Choose number of points to send.</font><div class='respPicDiv'><img src='img/responseButtonOffersNo0L.png' class='respPic'></div></div>","2","12","Chris","trustrating_stim/white_mw089.bmp","Kept","0.4,0.8","14","0.4","222","47"
"html-keyboard-response","235","609156","0.0-18.0-2.46","","bdp_trlrn","Mon Nov 08 2021 23:25:18 GMT-0500 (Eastern Standard Time)","760155","Untrustworthy,Trustworthy","","null","","","","decisionFB","","<div class='trialDiv'><img src='trustrating_stim/white_mw089.bmp'><br><font class='baseline'><strong>Chris</strong><p>Choose number of points to send.</font><div class='respPicDiv'><img src='img/responseButtonOffersNo0L2.png' class='respPic'></div></div>","null","12","Chris","trustrating_stim/white_mw089.bmp","Kept","0.4,0.8","14","0.4","220","47"
"html-keyboard-response","236","610159","0.0-18.0-3.46","","bdp_trlrn","Mon Nov 08 2021 23:25:18 GMT-0500 (Eastern Standard Time)","760155","Untrustworthy,Trustworthy","","null","","","","feedback","","<div class='trialDiv'><img src='trustrating_stim/white_mw089.bmp'><br><font class='baseline'><strong>Chris</strong><p>Received: <strong>8</strong></font> &nbsp; &nbsp; &nbsp; &nbsp; &nbsp; &nbsp;<font class='negOutcome'>Shared back: <strong>0</strong></font></font><div class='respPicDiv'><img src='img/responseButtonOffersNo0_wht.png' class='respPic'></div></div>","null","12","Chris","trustrating_stim/white_mw089.bmp","Kept","0.4,0.8","14","0.4","220","47"
"html-keyboard-response","237","610468","0.0-18.0-1.47","","bdp_trlrn","Mon Nov 08 2021 23:25:18 GMT-0500 (Eastern Standard Time)","760155","Untrustworthy,Trustworthy","","306","","","","decision","","<div class='trialDiv'><img src='trustrating_stim/white_00785_941205_fb_edt.bmp'><br><font class='baseline'><strong>Brian</strong><p>Choose number of points to send.</font><div class='respPicDiv'><img src='img/responseButtonOffersNo0L.png' class='respPic'></div></div>","4","12","Brian","trustrating_stim/white_00785_941205_fb_edt.bmp","Kept","0.2,0.6","14","0.2","225","48"
"html-keyboard-response","238","610724","0.0-18.0-2.47","","bdp_trlrn","Mon Nov 08 2021 23:25:18 GMT-0500 (Eastern Standard Time)","760155","Untrustworthy,Trustworthy","","null","","","","decisionFB","","<div class='trialDiv'><img src='trustrating_stim/white_00785_941205_fb_edt.bmp'><br><font class='baseline'><strong>Brian</strong><p>Choose number of points to send.</font><div class='respPicDiv'><img src='img/responseButtonOffersNo0L4.png' class='respPic'></div></div>","null","12","Brian","trustrating_stim/white_00785_941205_fb_edt.bmp","Kept","0.2,0.6","14","0.2","221","48"
"html-keyboard-response","239","611727","0.0-18.0-3.47","","bdp_trlrn","Mon Nov 08 2021 23:25:18 GMT-0500 (Eastern Standard Time)","760155","Untrustworthy,Trustworthy","","null","","","","feedback","","<div class='trialDiv'><img src='trustrating_stim/white_00785_941205_fb_edt.bmp'><br><font class='baseline'><strong>Brian</strong><p>Received: <strong>16</strong></font> &nbsp; &nbsp; &nbsp; &nbsp; &nbsp; &nbsp;<font class='negOutcome'>Shared back: <strong>0</strong></font></font><div class='respPicDiv'><img src='img/responseButtonOffersNo0_wht.png' class='respPic'></div></div>","null","12","Brian","trustrating_stim/white_00785_941205_fb_edt.bmp","Kept","0.2,0.6","14","0.2","221","48"
"html-keyboard-response","240","612369","0.0-18.0-1.48","","bdp_trlrn","Mon Nov 08 2021 23:25:18 GMT-0500 (Eastern Standard Time)","760155","Untrustworthy,Trustworthy","","640","","","","decision","","<div class='trialDiv'><img src='trustrating_stim/white_mw035.bmp'><br><font class='baseline'><strong>Nathan</strong><p>Choose number of points to send.</font><div class='respPicDiv'><img src='img/responseButtonOffersNo0L.png' class='respPic'></div></div>","5","13","Nathan","trustrating_stim/white_mw035.bmp","Kept","0.6,0.2","12","0.6","226","49"
"html-keyboard-response","241","612622","0.0-18.0-2.48","","bdp_trlrn","Mon Nov 08 2021 23:25:18 GMT-0500 (Eastern Standard Time)","760155","Untrustworthy,Trustworthy","","null","","","","decisionFB","","<div class='trialDiv'><img src='trustrating_stim/white_mw035.bmp'><br><font class='baseline'><strong>Nathan</strong><p>Choose number of points to send.</font><div class='respPicDiv'><img src='img/responseButtonOffersNo0L5.png' class='respPic'></div></div>","null","13","Nathan","trustrating_stim/white_mw035.bmp","Kept","0.6,0.2","12","0.6","221","49"
"html-keyboard-response","242","613626","0.0-18.0-3.48","","bdp_trlrn","Mon Nov 08 2021 23:25:18 GMT-0500 (Eastern Standard Time)","760155","Untrustworthy,Trustworthy","","null","","","","feedback","","<div class='trialDiv'><img src='trustrating_stim/white_mw035.bmp'><br><font class='baseline'><strong>Nathan</strong><p>Received: <strong>20</strong></font> &nbsp; &nbsp; &nbsp; &nbsp; &nbsp; &nbsp;<font class='negOutcome'>Shared back: <strong>0</strong></font></font><div class='respPicDiv'><img src='img/responseButtonOffersNo0_wht.png' class='respPic'></div></div>","null","13","Nathan","trustrating_stim/white_mw035.bmp","Kept","0.6,0.2","12","0.6","221","49"
"html-keyboard-response","243","614743","0.0-18.0-1.49","","bdp_trlrn","Mon Nov 08 2021 23:25:18 GMT-0500 (Eastern Standard Time)","760155","Untrustworthy,Trustworthy","","1116","","","","decision","","<div class='trialDiv'><img src='trustrating_stim/white_00785_941205_fb_edt.bmp'><br><font class='baseline'><strong>Brian</strong><p>Choose number of points to send.</font><div class='respPicDiv'><img src='img/responseButtonOffersNo0L.png' class='respPic'></div></div>","1","13","Brian","trustrating_stim/white_00785_941205_fb_edt.bmp","Kept","0.2,0.6","14","0.2","226","50"
"html-keyboard-response","244","614996","0.0-18.0-2.49","","bdp_trlrn","Mon Nov 08 2021 23:25:18 GMT-0500 (Eastern Standard Time)","760155","Untrustworthy,Trustworthy","","null","","","","decisionFB","","<div class='trialDiv'><img src='trustrating_stim/white_00785_941205_fb_edt.bmp'><br><font class='baseline'><strong>Brian</strong><p>Choose number of points to send.</font><div class='respPicDiv'><img src='img/responseButtonOffersNo0L1.png' class='respPic'></div></div>","null","13","Brian","trustrating_stim/white_00785_941205_fb_edt.bmp","Kept","0.2,0.6","14","0.2","225","50"
"html-keyboard-response","245","615999","0.0-18.0-3.49","","bdp_trlrn","Mon Nov 08 2021 23:25:18 GMT-0500 (Eastern Standard Time)","760155","Untrustworthy,Trustworthy","","null","","","","feedback","","<div class='trialDiv'><img src='trustrating_stim/white_00785_941205_fb_edt.bmp'><br><font class='baseline'><strong>Brian</strong><p>Received: <strong>4</strong></font> &nbsp; &nbsp; &nbsp; &nbsp; &nbsp; &nbsp;<font class='negOutcome'>Shared back: <strong>0</strong></font></font><div class='respPicDiv'><img src='img/responseButtonOffersNo0_wht.png' class='respPic'></div></div>","null","13","Brian","trustrating_stim/white_00785_941205_fb_edt.bmp","Kept","0.2,0.6","14","0.2","225","50"
"html-keyboard-response","246","616429","0.0-18.0-1.50","","bdp_trlrn","Mon Nov 08 2021 23:25:18 GMT-0500 (Eastern Standard Time)","760155","Untrustworthy,Trustworthy","","428","","","","decision","","<div class='trialDiv'><img src='trustrating_stim/white_mw089.bmp'><br><font class='baseline'><strong>Chris</strong><p>Choose number of points to send.</font><div class='respPicDiv'><img src='img/responseButtonOffersNo0L.png' class='respPic'></div></div>","2","13","Chris","trustrating_stim/white_mw089.bmp","Shared","0.4,0.8","14","0.4","230","51"
"html-keyboard-response","247","616681","0.0-18.0-2.50","","bdp_trlrn","Mon Nov 08 2021 23:25:18 GMT-0500 (Eastern Standard Time)","760155","Untrustworthy,Trustworthy","","null","","","","decisionFB","","<div class='trialDiv'><img src='trustrating_stim/white_mw089.bmp'><br><font class='baseline'><strong>Chris</strong><p>Choose number of points to send.</font><div class='respPicDiv'><img src='img/responseButtonOffersNo0L2.png' class='respPic'></div></div>","null","13","Chris","trustrating_stim/white_mw089.bmp","Shared","0.4,0.8","14","0.4","228","51"
"html-keyboard-response","248","617684","0.0-18.0-3.50","","bdp_trlrn","Mon Nov 08 2021 23:25:18 GMT-0500 (Eastern Standard Time)","760155","Untrustworthy,Trustworthy","","null","","","","feedback","","<div class='trialDiv'><img src='trustrating_stim/white_mw089.bmp'><br><font class='baseline'><strong>Chris</strong><p>Received: <strong>8</strong></font> &nbsp; &nbsp; &nbsp; &nbsp; &nbsp; &nbsp;<font class='posOutcome'>Shared back: <strong>4</strong></font></font><div class='respPicDiv'><img src='img/responseButtonOffersNo0_wht.png' class='respPic'></div></div>","null","13","Chris","trustrating_stim/white_mw089.bmp","Shared","0.4,0.8","14","0.4","232","51"
"html-keyboard-response","249","618016","0.0-18.0-1.51","","bdp_trlrn","Mon Nov 08 2021 23:25:18 GMT-0500 (Eastern Standard Time)","760155","Untrustworthy,Trustworthy","","331","","","","decision","","<div class='trialDiv'><img src='trustrating_stim/white_mw084.bmp'><br><font class='baseline'><strong>Joseph</strong><p>Choose number of points to send.</font><div class='respPicDiv'><img src='img/responseButtonOffersNo0L.png' class='respPic'></div></div>","3","13","Joseph","trustrating_stim/white_mw084.bmp","Shared","0.8,0.4","11","0.8","237","52"
"html-keyboard-response","250","618271","0.0-18.0-2.51","","bdp_trlrn","Mon Nov 08 2021 23:25:18 GMT-0500 (Eastern Standard Time)","760155","Untrustworthy,Trustworthy","","null","","","","decisionFB","","<div class='trialDiv'><img src='trustrating_stim/white_mw084.bmp'><br><font class='baseline'><strong>Joseph</strong><p>Choose number of points to send.</font><div class='respPicDiv'><img src='img/responseButtonOffersNo0L3.png' class='respPic'></div></div>","null","13","Joseph","trustrating_stim/white_mw084.bmp","Shared","0.8,0.4","11","0.8","234","52"
"html-keyboard-response","251","619274","0.0-18.0-3.51","","bdp_trlrn","Mon Nov 08 2021 23:25:18 GMT-0500 (Eastern Standard Time)","760155","Untrustworthy,Trustworthy","","null","","","","feedback","","<div class='trialDiv'><img src='trustrating_stim/white_mw084.bmp'><br><font class='baseline'><strong>Joseph</strong><p>Received: <strong>12</strong></font> &nbsp; &nbsp; &nbsp; &nbsp; &nbsp; &nbsp;<font class='posOutcome'>Shared back: <strong>6</strong></font></font><div class='respPicDiv'><img src='img/responseButtonOffersNo0_wht.png' class='respPic'></div></div>","null","13","Joseph","trustrating_stim/white_mw084.bmp","Shared","0.8,0.4","11","0.8","240","52"
"html-keyboard-response","252","620114","0.0-18.0-1.52","","bdp_trlrn","Mon Nov 08 2021 23:25:18 GMT-0500 (Eastern Standard Time)","760155","Untrustworthy,Trustworthy","","839","","","","decision","","<div class='trialDiv'><img src='trustrating_stim/white_00785_941205_fb_edt.bmp'><br><font class='baseline'><strong>Brian</strong><p>Choose number of points to send.</font><div class='respPicDiv'><img src='img/responseButtonOffersNo0L.png' class='respPic'></div></div>","4","14","Brian","trustrating_stim/white_00785_941205_fb_edt.bmp","Shared","0.2,0.6","14","0.2","245","53"
"html-keyboard-response","253","620367","0.0-18.0-2.52","","bdp_trlrn","Mon Nov 08 2021 23:25:18 GMT-0500 (Eastern Standard Time)","760155","Untrustworthy,Trustworthy","","null","","","","decisionFB","","<div class='trialDiv'><img src='trustrating_stim/white_00785_941205_fb_edt.bmp'><br><font class='baseline'><strong>Brian</strong><p>Choose number of points to send.</font><div class='respPicDiv'><img src='img/responseButtonOffersNo0L4.png' class='respPic'></div></div>","null","14","Brian","trustrating_stim/white_00785_941205_fb_edt.bmp","Shared","0.2,0.6","14","0.2","241","53"
"html-keyboard-response","254","621369","0.0-18.0-3.52","","bdp_trlrn","Mon Nov 08 2021 23:25:18 GMT-0500 (Eastern Standard Time)","760155","Untrustworthy,Trustworthy","","null","","","","feedback","","<div class='trialDiv'><img src='trustrating_stim/white_00785_941205_fb_edt.bmp'><br><font class='baseline'><strong>Brian</strong><p>Received: <strong>16</strong></font> &nbsp; &nbsp; &nbsp; &nbsp; &nbsp; &nbsp;<font class='posOutcome'>Shared back: <strong>8</strong></font></font><div class='respPicDiv'><img src='img/responseButtonOffersNo0_wht.png' class='respPic'></div></div>","null","14","Brian","trustrating_stim/white_00785_941205_fb_edt.bmp","Shared","0.2,0.6","14","0.2","249","53"
"html-keyboard-response","255","622293","0.0-18.0-1.53","","bdp_trlrn","Mon Nov 08 2021 23:25:18 GMT-0500 (Eastern Standard Time)","760155","Untrustworthy,Trustworthy","","922","","","","decision","","<div class='trialDiv'><img src='trustrating_stim/white_mw089.bmp'><br><font class='baseline'><strong>Chris</strong><p>Choose number of points to send.</font><div class='respPicDiv'><img src='img/responseButtonOffersNo0L.png' class='respPic'></div></div>","2","14","Chris","trustrating_stim/white_mw089.bmp","Shared","0.4,0.8","14","0.4","254","54"
"html-keyboard-response","256","622548","0.0-18.0-2.53","","bdp_trlrn","Mon Nov 08 2021 23:25:18 GMT-0500 (Eastern Standard Time)","760155","Untrustworthy,Trustworthy","","null","","","","decisionFB","","<div class='trialDiv'><img src='trustrating_stim/white_mw089.bmp'><br><font class='baseline'><strong>Chris</strong><p>Choose number of points to send.</font><div class='respPicDiv'><img src='img/responseButtonOffersNo0L2.png' class='respPic'></div></div>","null","14","Chris","trustrating_stim/white_mw089.bmp","Shared","0.4,0.8","14","0.4","252","54"
"html-keyboard-response","257","623551","0.0-18.0-3.53","","bdp_trlrn","Mon Nov 08 2021 23:25:18 GMT-0500 (Eastern Standard Time)","760155","Untrustworthy,Trustworthy","","null","","","","feedback","","<div class='trialDiv'><img src='trustrating_stim/white_mw089.bmp'><br><font class='baseline'><strong>Chris</strong><p>Received: <strong>8</strong></font> &nbsp; &nbsp; &nbsp; &nbsp; &nbsp; &nbsp;<font class='posOutcome'>Shared back: <strong>4</strong></font></font><div class='respPicDiv'><img src='img/responseButtonOffersNo0_wht.png' class='respPic'></div></div>","null","14","Chris","trustrating_stim/white_mw089.bmp","Shared","0.4,0.8","14","0.4","256","54"
"html-keyboard-response","258","624253","0.0-18.0-1.54","","bdp_trlrn","Mon Nov 08 2021 23:25:18 GMT-0500 (Eastern Standard Time)","760155","Untrustworthy,Trustworthy","","701","","","","decision","","<div class='trialDiv'><img src='trustrating_stim/white_mw035.bmp'><br><font class='baseline'><strong>Nathan</strong><p>Choose number of points to send.</font><div class='respPicDiv'><img src='img/responseButtonOffersNo0L.png' class='respPic'></div></div>","3","14","Nathan","trustrating_stim/white_mw035.bmp","Shared","0.6,0.2","12","0.6","261","55"
"html-keyboard-response","259","624505","0.0-18.0-2.54","","bdp_trlrn","Mon Nov 08 2021 23:25:18 GMT-0500 (Eastern Standard Time)","760155","Untrustworthy,Trustworthy","","null","","","","decisionFB","","<div class='trialDiv'><img src='trustrating_stim/white_mw035.bmp'><br><font class='baseline'><strong>Nathan</strong><p>Choose number of points to send.</font><div class='respPicDiv'><img src='img/responseButtonOffersNo0L3.png' class='respPic'></div></div>","null","14","Nathan","trustrating_stim/white_mw035.bmp","Shared","0.6,0.2","12","0.6","258","55"
"html-keyboard-response","260","625510","0.0-18.0-3.54","","bdp_trlrn","Mon Nov 08 2021 23:25:18 GMT-0500 (Eastern Standard Time)","760155","Untrustworthy,Trustworthy","","null","","","","feedback","","<div class='trialDiv'><img src='trustrating_stim/white_mw035.bmp'><br><font class='baseline'><strong>Nathan</strong><p>Received: <strong>12</strong></font> &nbsp; &nbsp; &nbsp; &nbsp; &nbsp; &nbsp;<font class='posOutcome'>Shared back: <strong>6</strong></font></font><div class='respPicDiv'><img src='img/responseButtonOffersNo0_wht.png' class='respPic'></div></div>","null","14","Nathan","trustrating_stim/white_mw035.bmp","Shared","0.6,0.2","12","0.6","264","55"
"html-keyboard-response","261","626042","0.0-18.0-1.55","","bdp_trlrn","Mon Nov 08 2021 23:25:18 GMT-0500 (Eastern Standard Time)","760155","Untrustworthy,Trustworthy","","530","","","","decision","","<div class='trialDiv'><img src='trustrating_stim/white_mw084.bmp'><br><font class='baseline'><strong>Joseph</strong><p>Choose number of points to send.</font><div class='respPicDiv'><img src='img/responseButtonOffersNo0L.png' class='respPic'></div></div>","3","14","Joseph","trustrating_stim/white_mw084.bmp","Shared","0.8,0.4","11","0.8","269","56"
"html-keyboard-response","262","626297","0.0-18.0-2.55","","bdp_trlrn","Mon Nov 08 2021 23:25:18 GMT-0500 (Eastern Standard Time)","760155","Untrustworthy,Trustworthy","","null","","","","decisionFB","","<div class='trialDiv'><img src='trustrating_stim/white_mw084.bmp'><br><font class='baseline'><strong>Joseph</strong><p>Choose number of points to send.</font><div class='respPicDiv'><img src='img/responseButtonOffersNo0L3.png' class='respPic'></div></div>","null","14","Joseph","trustrating_stim/white_mw084.bmp","Shared","0.8,0.4","11","0.8","266","56"
"html-keyboard-response","263","627300","0.0-18.0-3.55","","bdp_trlrn","Mon Nov 08 2021 23:25:18 GMT-0500 (Eastern Standard Time)","760155","Untrustworthy,Trustworthy","","null","","","","feedback","","<div class='trialDiv'><img src='trustrating_stim/white_mw084.bmp'><br><font class='baseline'><strong>Joseph</strong><p>Received: <strong>12</strong></font> &nbsp; &nbsp; &nbsp; &nbsp; &nbsp; &nbsp;<font class='posOutcome'>Shared back: <strong>6</strong></font></font><div class='respPicDiv'><img src='img/responseButtonOffersNo0_wht.png' class='respPic'></div></div>","null","14","Joseph","trustrating_stim/white_mw084.bmp","Shared","0.8,0.4","11","0.8","272","56"
"html-keyboard-response","264","627643","0.0-18.0-1.56","","bdp_trlrn","Mon Nov 08 2021 23:25:18 GMT-0500 (Eastern Standard Time)","760155","Untrustworthy,Trustworthy","","341","","","","decision","","<div class='trialDiv'><img src='trustrating_stim/white_mw089.bmp'><br><font class='baseline'><strong>Chris</strong><p>Choose number of points to send.</font><div class='respPicDiv'><img src='img/responseButtonOffersNo0L.png' class='respPic'></div></div>","2","15","Chris","trustrating_stim/white_mw089.bmp","Kept","0.4,0.8","14","0.4","277","57"
"html-keyboard-response","265","627897","0.0-18.0-2.56","","bdp_trlrn","Mon Nov 08 2021 23:25:18 GMT-0500 (Eastern Standard Time)","760155","Untrustworthy,Trustworthy","","null","","","","decisionFB","","<div class='trialDiv'><img src='trustrating_stim/white_mw089.bmp'><br><font class='baseline'><strong>Chris</strong><p>Choose number of points to send.</font><div class='respPicDiv'><img src='img/responseButtonOffersNo0L2.png' class='respPic'></div></div>","null","15","Chris","trustrating_stim/white_mw089.bmp","Kept","0.4,0.8","14","0.4","275","57"
"html-keyboard-response","266","628900","0.0-18.0-3.56","","bdp_trlrn","Mon Nov 08 2021 23:25:18 GMT-0500 (Eastern Standard Time)","760155","Untrustworthy,Trustworthy","","null","","","","feedback","","<div class='trialDiv'><img src='trustrating_stim/white_mw089.bmp'><br><font class='baseline'><strong>Chris</strong><p>Received: <strong>8</strong></font> &nbsp; &nbsp; &nbsp; &nbsp; &nbsp; &nbsp;<font class='negOutcome'>Shared back: <strong>0</strong></font></font><div class='respPicDiv'><img src='img/responseButtonOffersNo0_wht.png' class='respPic'></div></div>","null","15","Chris","trustrating_stim/white_mw089.bmp","Kept","0.4,0.8","14","0.4","275","57"
"html-keyboard-response","267","629258","0.0-18.0-1.57","","bdp_trlrn","Mon Nov 08 2021 23:25:18 GMT-0500 (Eastern Standard Time)","760155","Untrustworthy,Trustworthy","","356","","","","decision","","<div class='trialDiv'><img src='trustrating_stim/white_mw084.bmp'><br><font class='baseline'><strong>Joseph</strong><p>Choose number of points to send.</font><div class='respPicDiv'><img src='img/responseButtonOffersNo0L.png' class='respPic'></div></div>","4","15","Joseph","trustrating_stim/white_mw084.bmp","Kept","0.8,0.4","11","0.8","280","58"
"html-keyboard-response","268","629513","0.0-18.0-2.57","","bdp_trlrn","Mon Nov 08 2021 23:25:18 GMT-0500 (Eastern Standard Time)","760155","Untrustworthy,Trustworthy","","null","","","","decisionFB","","<div class='trialDiv'><img src='trustrating_stim/white_mw084.bmp'><br><font class='baseline'><strong>Joseph</strong><p>Choose number of points to send.</font><div class='respPicDiv'><img src='img/responseButtonOffersNo0L4.png' class='respPic'></div></div>","null","15","Joseph","trustrating_stim/white_mw084.bmp","Kept","0.8,0.4","11","0.8","276","58"
"html-keyboard-response","269","630521","0.0-18.0-3.57","","bdp_trlrn","Mon Nov 08 2021 23:25:18 GMT-0500 (Eastern Standard Time)","760155","Untrustworthy,Trustworthy","","null","","","","feedback","","<div class='trialDiv'><img src='trustrating_stim/white_mw084.bmp'><br><font class='baseline'><strong>Joseph</strong><p>Received: <strong>16</strong></font> &nbsp; &nbsp; &nbsp; &nbsp; &nbsp; &nbsp;<font class='negOutcome'>Shared back: <strong>0</strong></font></font><div class='respPicDiv'><img src='img/responseButtonOffersNo0_wht.png' class='respPic'></div></div>","null","15","Joseph","trustrating_stim/white_mw084.bmp","Kept","0.8,0.4","11","0.8","276","58"
"html-keyboard-response","270","630780","0.0-18.0-1.58","","bdp_trlrn","Mon Nov 08 2021 23:25:18 GMT-0500 (Eastern Standard Time)","760155","Untrustworthy,Trustworthy","","256","","","","decision","","<div class='trialDiv'><img src='trustrating_stim/white_00785_941205_fb_edt.bmp'><br><font class='baseline'><strong>Brian</strong><p>Choose number of points to send.</font><div class='respPicDiv'><img src='img/responseButtonOffersNo0L.png' class='respPic'></div></div>","4","15","Brian","trustrating_stim/white_00785_941205_fb_edt.bmp","Shared","0.2,0.6","14","0.2","281","59"
"html-keyboard-response","271","631033","0.0-18.0-2.58","","bdp_trlrn","Mon Nov 08 2021 23:25:18 GMT-0500 (Eastern Standard Time)","760155","Untrustworthy,Trustworthy","","null","","","","decisionFB","","<div class='trialDiv'><img src='trustrating_stim/white_00785_941205_fb_edt.bmp'><br><font class='baseline'><strong>Brian</strong><p>Choose number of points to send.</font><div class='respPicDiv'><img src='img/responseButtonOffersNo0L4.png' class='respPic'></div></div>","null","15","Brian","trustrating_stim/white_00785_941205_fb_edt.bmp","Shared","0.2,0.6","14","0.2","277","59"
"html-keyboard-response","272","632036","0.0-18.0-3.58","","bdp_trlrn","Mon Nov 08 2021 23:25:18 GMT-0500 (Eastern Standard Time)","760155","Untrustworthy,Trustworthy","","null","","","","feedback","","<div class='trialDiv'><img src='trustrating_stim/white_00785_941205_fb_edt.bmp'><br><font class='baseline'><strong>Brian</strong><p>Received: <strong>16</strong></font> &nbsp; &nbsp; &nbsp; &nbsp; &nbsp; &nbsp;<font class='posOutcome'>Shared back: <strong>8</strong></font></font><div class='respPicDiv'><img src='img/responseButtonOffersNo0_wht.png' class='respPic'></div></div>","null","15","Brian","trustrating_stim/white_00785_941205_fb_edt.bmp","Shared","0.2,0.6","14","0.2","285","59"
"html-keyboard-response","273","632441","0.0-18.0-1.59","","bdp_trlrn","Mon Nov 08 2021 23:25:18 GMT-0500 (Eastern Standard Time)","760155","Untrustworthy,Trustworthy","","403","","","","decision","","<div class='trialDiv'><img src='trustrating_stim/white_mw035.bmp'><br><font class='baseline'><strong>Nathan</strong><p>Choose number of points to send.</font><div class='respPicDiv'><img src='img/responseButtonOffersNo0L.png' class='respPic'></div></div>","1","15","Nathan","trustrating_stim/white_mw035.bmp","Kept","0.6,0.2","12","0.6","290","60"
"html-keyboard-response","274","632697","0.0-18.0-2.59","","bdp_trlrn","Mon Nov 08 2021 23:25:18 GMT-0500 (Eastern Standard Time)","760155","Untrustworthy,Trustworthy","","null","","","","decisionFB","","<div class='trialDiv'><img src='trustrating_stim/white_mw035.bmp'><br><font class='baseline'><strong>Nathan</strong><p>Choose number of points to send.</font><div class='respPicDiv'><img src='img/responseButtonOffersNo0L1.png' class='respPic'></div></div>","null","15","Nathan","trustrating_stim/white_mw035.bmp","Kept","0.6,0.2","12","0.6","289","60"
"html-keyboard-response","275","633699","0.0-18.0-3.59","","bdp_trlrn","Mon Nov 08 2021 23:25:18 GMT-0500 (Eastern Standard Time)","760155","Untrustworthy,Trustworthy","","null","","","","feedback","","<div class='trialDiv'><img src='trustrating_stim/white_mw035.bmp'><br><font class='baseline'><strong>Nathan</strong><p>Received: <strong>4</strong></font> &nbsp; &nbsp; &nbsp; &nbsp; &nbsp; &nbsp;<font class='negOutcome'>Shared back: <strong>0</strong></font></font><div class='respPicDiv'><img src='img/responseButtonOffersNo0_wht.png' class='respPic'></div></div>","null","15","Nathan","trustrating_stim/white_mw035.bmp","Kept","0.6,0.2","12","0.6","289","60"
"html-keyboard-response","276","633999","0.0-18.0-1.60","","bdp_trlrn","Mon Nov 08 2021 23:25:18 GMT-0500 (Eastern Standard Time)","760155","Untrustworthy,Trustworthy","","299","","","","decision","","<div class='trialDiv'><img src='trustrating_stim/white_mw084.bmp'><br><font class='baseline'><strong>Joseph</strong><p>Choose number of points to send.</font><div class='respPicDiv'><img src='img/responseButtonOffersNo0L.png' class='respPic'></div></div>","2","16","Joseph","trustrating_stim/white_mw084.bmp","Kept","0.8,0.4","11","0.8","294","61"
"html-keyboard-response","277","634254","0.0-18.0-2.60","","bdp_trlrn","Mon Nov 08 2021 23:25:18 GMT-0500 (Eastern Standard Time)","760155","Untrustworthy,Trustworthy","","null","","","","decisionFB","","<div class='trialDiv'><img src='trustrating_stim/white_mw084.bmp'><br><font class='baseline'><strong>Joseph</strong><p>Choose number of points to send.</font><div class='respPicDiv'><img src='img/responseButtonOffersNo0L2.png' class='respPic'></div></div>","null","16","Joseph","trustrating_stim/white_mw084.bmp","Kept","0.8,0.4","11","0.8","292","61"
"html-keyboard-response","278","635257","0.0-18.0-3.60","","bdp_trlrn","Mon Nov 08 2021 23:25:18 GMT-0500 (Eastern Standard Time)","760155","Untrustworthy,Trustworthy","","null","","","","feedback","","<div class='trialDiv'><img src='trustrating_stim/white_mw084.bmp'><br><font class='baseline'><strong>Joseph</strong><p>Received: <strong>8</strong></font> &nbsp; &nbsp; &nbsp; &nbsp; &nbsp; &nbsp;<font class='negOutcome'>Shared back: <strong>0</strong></font></font><div class='respPicDiv'><img src='img/responseButtonOffersNo0_wht.png' class='respPic'></div></div>","null","16","Joseph","trustrating_stim/white_mw084.bmp","Kept","0.8,0.4","11","0.8","292","61"
"html-keyboard-response","279","636133","0.0-18.0-1.61","","bdp_trlrn","Mon Nov 08 2021 23:25:18 GMT-0500 (Eastern Standard Time)","760155","Untrustworthy,Trustworthy","","874","","","","decision","","<div class='trialDiv'><img src='trustrating_stim/white_00785_941205_fb_edt.bmp'><br><font class='baseline'><strong>Brian</strong><p>Choose number of points to send.</font><div class='respPicDiv'><img src='img/responseButtonOffersNo0L.png' class='respPic'></div></div>","4","16","Brian","trustrating_stim/white_00785_941205_fb_edt.bmp","Shared","0.2,0.6","14","0.2","297","62"
"html-keyboard-response","280","636388","0.0-18.0-2.61","","bdp_trlrn","Mon Nov 08 2021 23:25:18 GMT-0500 (Eastern Standard Time)","760155","Untrustworthy,Trustworthy","","null","","","","decisionFB","","<div class='trialDiv'><img src='trustrating_stim/white_00785_941205_fb_edt.bmp'><br><font class='baseline'><strong>Brian</strong><p>Choose number of points to send.</font><div class='respPicDiv'><img src='img/responseButtonOffersNo0L4.png' class='respPic'></div></div>","null","16","Brian","trustrating_stim/white_00785_941205_fb_edt.bmp","Shared","0.2,0.6","14","0.2","293","62"
"html-keyboard-response","281","637391","0.0-18.0-3.61","","bdp_trlrn","Mon Nov 08 2021 23:25:18 GMT-0500 (Eastern Standard Time)","760155","Untrustworthy,Trustworthy","","null","","","","feedback","","<div class='trialDiv'><img src='trustrating_stim/white_00785_941205_fb_edt.bmp'><br><font class='baseline'><strong>Brian</strong><p>Received: <strong>16</strong></font> &nbsp; &nbsp; &nbsp; &nbsp; &nbsp; &nbsp;<font class='posOutcome'>Shared back: <strong>8</strong></font></font><div class='respPicDiv'><img src='img/responseButtonOffersNo0_wht.png' class='respPic'></div></div>","null","16","Brian","trustrating_stim/white_00785_941205_fb_edt.bmp","Shared","0.2,0.6","14","0.2","301","62"
"html-keyboard-response","282","638263","0.0-18.0-1.62","","bdp_trlrn","Mon Nov 08 2021 23:25:18 GMT-0500 (Eastern Standard Time)","760155","Untrustworthy,Trustworthy","","870","","","","decision","","<div class='trialDiv'><img src='trustrating_stim/white_mw035.bmp'><br><font class='baseline'><strong>Nathan</strong><p>Choose number of points to send.</font><div class='respPicDiv'><img src='img/responseButtonOffersNo0L.png' class='respPic'></div></div>","4","16","Nathan","trustrating_stim/white_mw035.bmp","Kept","0.6,0.2","12","0.6","306","63"
"html-keyboard-response","283","638516","0.0-18.0-2.62","","bdp_trlrn","Mon Nov 08 2021 23:25:18 GMT-0500 (Eastern Standard Time)","760155","Untrustworthy,Trustworthy","","null","","","","decisionFB","","<div class='trialDiv'><img src='trustrating_stim/white_mw035.bmp'><br><font class='baseline'><strong>Nathan</strong><p>Choose number of points to send.</font><div class='respPicDiv'><img src='img/responseButtonOffersNo0L4.png' class='respPic'></div></div>","null","16","Nathan","trustrating_stim/white_mw035.bmp","Kept","0.6,0.2","12","0.6","302","63"
"html-keyboard-response","284","639519","0.0-18.0-3.62","","bdp_trlrn","Mon Nov 08 2021 23:25:18 GMT-0500 (Eastern Standard Time)","760155","Untrustworthy,Trustworthy","","null","","","","feedback","","<div class='trialDiv'><img src='trustrating_stim/white_mw035.bmp'><br><font class='baseline'><strong>Nathan</strong><p>Received: <strong>16</strong></font> &nbsp; &nbsp; &nbsp; &nbsp; &nbsp; &nbsp;<font class='negOutcome'>Shared back: <strong>0</strong></font></font><div class='respPicDiv'><img src='img/responseButtonOffersNo0_wht.png' class='respPic'></div></div>","null","16","Nathan","trustrating_stim/white_mw035.bmp","Kept","0.6,0.2","12","0.6","302","63"
"html-keyboard-response","285","639744","0.0-18.0-1.63","","bdp_trlrn","Mon Nov 08 2021 23:25:18 GMT-0500 (Eastern Standard Time)","760155","Untrustworthy,Trustworthy","","224","","","","decision","","<div class='trialDiv'><img src='trustrating_stim/white_mw089.bmp'><br><font class='baseline'><strong>Chris</strong><p>Choose number of points to send.</font><div class='respPicDiv'><img src='img/responseButtonOffersNo0L.png' class='respPic'></div></div>","3","16","Chris","trustrating_stim/white_mw089.bmp","Shared","0.4,0.8","14","0.4","307","64"
"html-keyboard-response","286","639999","0.0-18.0-2.63","","bdp_trlrn","Mon Nov 08 2021 23:25:18 GMT-0500 (Eastern Standard Time)","760155","Untrustworthy,Trustworthy","","null","","","","decisionFB","","<div class='trialDiv'><img src='trustrating_stim/white_mw089.bmp'><br><font class='baseline'><strong>Chris</strong><p>Choose number of points to send.</font><div class='respPicDiv'><img src='img/responseButtonOffersNo0L3.png' class='respPic'></div></div>","null","16","Chris","trustrating_stim/white_mw089.bmp","Shared","0.4,0.8","14","0.4","304","64"
"html-keyboard-response","287","641001","0.0-18.0-3.63","","bdp_trlrn","Mon Nov 08 2021 23:25:18 GMT-0500 (Eastern Standard Time)","760155","Untrustworthy,Trustworthy","","null","","","","feedback","","<div class='trialDiv'><img src='trustrating_stim/white_mw089.bmp'><br><font class='baseline'><strong>Chris</strong><p>Received: <strong>12</strong></font> &nbsp; &nbsp; &nbsp; &nbsp; &nbsp; &nbsp;<font class='posOutcome'>Shared back: <strong>6</strong></font></font><div class='respPicDiv'><img src='img/responseButtonOffersNo0_wht.png' class='respPic'></div></div>","null","16","Chris","trustrating_stim/white_mw089.bmp","Shared","0.4,0.8","14","0.4","310","64"
"html-keyboard-response","288","641610","0.0-18.0-1.64","","bdp_trlrn","Mon Nov 08 2021 23:25:18 GMT-0500 (Eastern Standard Time)","760155","Untrustworthy,Trustworthy","","606","","","","decision","","<div class='trialDiv'><img src='trustrating_stim/white_mw084.bmp'><br><font class='baseline'><strong>Joseph</strong><p>Choose number of points to send.</font><div class='respPicDiv'><img src='img/responseButtonOffersNo0L.png' class='respPic'></div></div>","3","17","Joseph","trustrating_stim/white_mw084.bmp","Shared","0.8,0.4","11","0.8","315","65"
"html-keyboard-response","289","641865","0.0-18.0-2.64","","bdp_trlrn","Mon Nov 08 2021 23:25:18 GMT-0500 (Eastern Standard Time)","760155","Untrustworthy,Trustworthy","","null","","","","decisionFB","","<div class='trialDiv'><img src='trustrating_stim/white_mw084.bmp'><br><font class='baseline'><strong>Joseph</strong><p>Choose number of points to send.</font><div class='respPicDiv'><img src='img/responseButtonOffersNo0L3.png' class='respPic'></div></div>","null","17","Joseph","trustrating_stim/white_mw084.bmp","Shared","0.8,0.4","11","0.8","312","65"
"html-keyboard-response","290","642868","0.0-18.0-3.64","","bdp_trlrn","Mon Nov 08 2021 23:25:18 GMT-0500 (Eastern Standard Time)","760155","Untrustworthy,Trustworthy","","null","","","","feedback","","<div class='trialDiv'><img src='trustrating_stim/white_mw084.bmp'><br><font class='baseline'><strong>Joseph</strong><p>Received: <strong>12</strong></font> &nbsp; &nbsp; &nbsp; &nbsp; &nbsp; &nbsp;<font class='posOutcome'>Shared back: <strong>6</strong></font></font><div class='respPicDiv'><img src='img/responseButtonOffersNo0_wht.png' class='respPic'></div></div>","null","17","Joseph","trustrating_stim/white_mw084.bmp","Shared","0.8,0.4","11","0.8","318","65"
"html-keyboard-response","291","643154","0.0-18.0-1.65","","bdp_trlrn","Mon Nov 08 2021 23:25:18 GMT-0500 (Eastern Standard Time)","760155","Untrustworthy,Trustworthy","","284","","","","decision","","<div class='trialDiv'><img src='trustrating_stim/white_mw035.bmp'><br><font class='baseline'><strong>Nathan</strong><p>Choose number of points to send.</font><div class='respPicDiv'><img src='img/responseButtonOffersNo0L.png' class='respPic'></div></div>","2","17","Nathan","trustrating_stim/white_mw035.bmp","Kept","0.6,0.2","12","0.6","323","66"
"html-keyboard-response","292","643407","0.0-18.0-2.65","","bdp_trlrn","Mon Nov 08 2021 23:25:18 GMT-0500 (Eastern Standard Time)","760155","Untrustworthy,Trustworthy","","null","","","","decisionFB","","<div class='trialDiv'><img src='trustrating_stim/white_mw035.bmp'><br><font class='baseline'><strong>Nathan</strong><p>Choose number of points to send.</font><div class='respPicDiv'><img src='img/responseButtonOffersNo0L2.png' class='respPic'></div></div>","null","17","Nathan","trustrating_stim/white_mw035.bmp","Kept","0.6,0.2","12","0.6","321","66"
"html-keyboard-response","293","644412","0.0-18.0-3.65","","bdp_trlrn","Mon Nov 08 2021 23:25:18 GMT-0500 (Eastern Standard Time)","760155","Untrustworthy,Trustworthy","","null","","","","feedback","","<div class='trialDiv'><img src='trustrating_stim/white_mw035.bmp'><br><font class='baseline'><strong>Nathan</strong><p>Received: <strong>8</strong></font> &nbsp; &nbsp; &nbsp; &nbsp; &nbsp; &nbsp;<font class='negOutcome'>Shared back: <strong>0</strong></font></font><div class='respPicDiv'><img src='img/responseButtonOffersNo0_wht.png' class='respPic'></div></div>","null","17","Nathan","trustrating_stim/white_mw035.bmp","Kept","0.6,0.2","12","0.6","321","66"
"html-keyboard-response","294","645365","0.0-18.0-1.66","","bdp_trlrn","Mon Nov 08 2021 23:25:18 GMT-0500 (Eastern Standard Time)","760155","Untrustworthy,Trustworthy","","952","","","","decision","","<div class='trialDiv'><img src='trustrating_stim/white_00785_941205_fb_edt.bmp'><br><font class='baseline'><strong>Brian</strong><p>Choose number of points to send.</font><div class='respPicDiv'><img src='img/responseButtonOffersNo0L.png' class='respPic'></div></div>","1","17","Brian","trustrating_stim/white_00785_941205_fb_edt.bmp","Shared","0.2,0.6","14","0.2","326","67"
"html-keyboard-response","295","645620","0.0-18.0-2.66","","bdp_trlrn","Mon Nov 08 2021 23:25:18 GMT-0500 (Eastern Standard Time)","760155","Untrustworthy,Trustworthy","","null","","","","decisionFB","","<div class='trialDiv'><img src='trustrating_stim/white_00785_941205_fb_edt.bmp'><br><font class='baseline'><strong>Brian</strong><p>Choose number of points to send.</font><div class='respPicDiv'><img src='img/responseButtonOffersNo0L1.png' class='respPic'></div></div>","null","17","Brian","trustrating_stim/white_00785_941205_fb_edt.bmp","Shared","0.2,0.6","14","0.2","325","67"
"html-keyboard-response","296","646623","0.0-18.0-3.66","","bdp_trlrn","Mon Nov 08 2021 23:25:18 GMT-0500 (Eastern Standard Time)","760155","Untrustworthy,Trustworthy","","null","","","","feedback","","<div class='trialDiv'><img src='trustrating_stim/white_00785_941205_fb_edt.bmp'><br><font class='baseline'><strong>Brian</strong><p>Received: <strong>4</strong></font> &nbsp; &nbsp; &nbsp; &nbsp; &nbsp; &nbsp;<font class='posOutcome'>Shared back: <strong>2</strong></font></font><div class='respPicDiv'><img src='img/responseButtonOffersNo0_wht.png' class='respPic'></div></div>","null","17","Brian","trustrating_stim/white_00785_941205_fb_edt.bmp","Shared","0.2,0.6","14","0.2","327","67"
"html-keyboard-response","297","647285","0.0-18.0-1.67","","bdp_trlrn","Mon Nov 08 2021 23:25:18 GMT-0500 (Eastern Standard Time)","760155","Untrustworthy,Trustworthy","","661","","","","decision","","<div class='trialDiv'><img src='trustrating_stim/white_mw089.bmp'><br><font class='baseline'><strong>Chris</strong><p>Choose number of points to send.</font><div class='respPicDiv'><img src='img/responseButtonOffersNo0L.png' class='respPic'></div></div>","4","17","Chris","trustrating_stim/white_mw089.bmp","Shared","0.4,0.8","14","0.4","332","68"
"html-keyboard-response","298","647540","0.0-18.0-2.67","","bdp_trlrn","Mon Nov 08 2021 23:25:18 GMT-0500 (Eastern Standard Time)","760155","Untrustworthy,Trustworthy","","null","","","","decisionFB","","<div class='trialDiv'><img src='trustrating_stim/white_mw089.bmp'><br><font class='baseline'><strong>Chris</strong><p>Choose number of points to send.</font><div class='respPicDiv'><img src='img/responseButtonOffersNo0L4.png' class='respPic'></div></div>","null","17","Chris","trustrating_stim/white_mw089.bmp","Shared","0.4,0.8","14","0.4","328","68"
"html-keyboard-response","299","648542","0.0-18.0-3.67","","bdp_trlrn","Mon Nov 08 2021 23:25:18 GMT-0500 (Eastern Standard Time)","760155","Untrustworthy,Trustworthy","","null","","","","feedback","","<div class='trialDiv'><img src='trustrating_stim/white_mw089.bmp'><br><font class='baseline'><strong>Chris</strong><p>Received: <strong>16</strong></font> &nbsp; &nbsp; &nbsp; &nbsp; &nbsp; &nbsp;<font class='posOutcome'>Shared back: <strong>8</strong></font></font><div class='respPicDiv'><img src='img/responseButtonOffersNo0_wht.png' class='respPic'></div></div>","null","17","Chris","trustrating_stim/white_mw089.bmp","Shared","0.4,0.8","14","0.4","336","68"
"html-keyboard-response","300","649123","0.0-18.0-1.68","","bdp_trlrn","Mon Nov 08 2021 23:25:18 GMT-0500 (Eastern Standard Time)","760155","Untrustworthy,Trustworthy","","579","","","","decision","","<div class='trialDiv'><img src='trustrating_stim/white_00785_941205_fb_edt.bmp'><br><font class='baseline'><strong>Brian</strong><p>Choose number of points to send.</font><div class='respPicDiv'><img src='img/responseButtonOffersNo0L.png' class='respPic'></div></div>","4","18","Brian","trustrating_stim/white_00785_941205_fb_edt.bmp","Shared","0.2,0.6","14","0.2","341","69"
"html-keyboard-response","301","649375","0.0-18.0-2.68","","bdp_trlrn","Mon Nov 08 2021 23:25:18 GMT-0500 (Eastern Standard Time)","760155","Untrustworthy,Trustworthy","","null","","","","decisionFB","","<div class='trialDiv'><img src='trustrating_stim/white_00785_941205_fb_edt.bmp'><br><font class='baseline'><strong>Brian</strong><p>Choose number of points to send.</font><div class='respPicDiv'><img src='img/responseButtonOffersNo0L4.png' class='respPic'></div></div>","null","18","Brian","trustrating_stim/white_00785_941205_fb_edt.bmp","Shared","0.2,0.6","14","0.2","337","69"
"html-keyboard-response","302","650377","0.0-18.0-3.68","","bdp_trlrn","Mon Nov 08 2021 23:25:18 GMT-0500 (Eastern Standard Time)","760155","Untrustworthy,Trustworthy","","null","","","","feedback","","<div class='trialDiv'><img src='trustrating_stim/white_00785_941205_fb_edt.bmp'><br><font class='baseline'><strong>Brian</strong><p>Received: <strong>16</strong></font> &nbsp; &nbsp; &nbsp; &nbsp; &nbsp; &nbsp;<font class='posOutcome'>Shared back: <strong>8</strong></font></font><div class='respPicDiv'><img src='img/responseButtonOffersNo0_wht.png' class='respPic'></div></div>","null","18","Brian","trustrating_stim/white_00785_941205_fb_edt.bmp","Shared","0.2,0.6","14","0.2","345","69"
"html-keyboard-response","303","650700","0.0-18.0-1.69","","bdp_trlrn","Mon Nov 08 2021 23:25:18 GMT-0500 (Eastern Standard Time)","760155","Untrustworthy,Trustworthy","","320","","","","decision","","<div class='trialDiv'><img src='trustrating_stim/white_mw089.bmp'><br><font class='baseline'><strong>Chris</strong><p>Choose number of points to send.</font><div class='respPicDiv'><img src='img/responseButtonOffersNo0L.png' class='respPic'></div></div>","3","18","Chris","trustrating_stim/white_mw089.bmp","Shared","0.4,0.8","14","0.4","350","70"
"html-keyboard-response","304","650955","0.0-18.0-2.69","","bdp_trlrn","Mon Nov 08 2021 23:25:18 GMT-0500 (Eastern Standard Time)","760155","Untrustworthy,Trustworthy","","null","","","","decisionFB","","<div class='trialDiv'><img src='trustrating_stim/white_mw089.bmp'><br><font class='baseline'><strong>Chris</strong><p>Choose number of points to send.</font><div class='respPicDiv'><img src='img/responseButtonOffersNo0L3.png' class='respPic'></div></div>","null","18","Chris","trustrating_stim/white_mw089.bmp","Shared","0.4,0.8","14","0.4","347","70"
"html-keyboard-response","305","651961","0.0-18.0-3.69","","bdp_trlrn","Mon Nov 08 2021 23:25:18 GMT-0500 (Eastern Standard Time)","760155","Untrustworthy,Trustworthy","","null","","","","feedback","","<div class='trialDiv'><img src='trustrating_stim/white_mw089.bmp'><br><font class='baseline'><strong>Chris</strong><p>Received: <strong>12</strong></font> &nbsp; &nbsp; &nbsp; &nbsp; &nbsp; &nbsp;<font class='posOutcome'>Shared back: <strong>6</strong></font></font><div class='respPicDiv'><img src='img/responseButtonOffersNo0_wht.png' class='respPic'></div></div>","null","18","Chris","trustrating_stim/white_mw089.bmp","Shared","0.4,0.8","14","0.4","353","70"
"html-keyboard-response","306","652269","0.0-18.0-1.70","","bdp_trlrn","Mon Nov 08 2021 23:25:18 GMT-0500 (Eastern Standard Time)","760155","Untrustworthy,Trustworthy","","305","","","","decision","","<div class='trialDiv'><img src='trustrating_stim/white_mw084.bmp'><br><font class='baseline'><strong>Joseph</strong><p>Choose number of points to send.</font><div class='respPicDiv'><img src='img/responseButtonOffersNo0L.png' class='respPic'></div></div>","2","18","Joseph","trustrating_stim/white_mw084.bmp","Shared","0.8,0.4","11","0.8","358","71"
"html-keyboard-response","307","652521","0.0-18.0-2.70","","bdp_trlrn","Mon Nov 08 2021 23:25:18 GMT-0500 (Eastern Standard Time)","760155","Untrustworthy,Trustworthy","","null","","","","decisionFB","","<div class='trialDiv'><img src='trustrating_stim/white_mw084.bmp'><br><font class='baseline'><strong>Joseph</strong><p>Choose number of points to send.</font><div class='respPicDiv'><img src='img/responseButtonOffersNo0L2.png' class='respPic'></div></div>","null","18","Joseph","trustrating_stim/white_mw084.bmp","Shared","0.8,0.4","11","0.8","356","71"
"html-keyboard-response","308","653524","0.0-18.0-3.70","","bdp_trlrn","Mon Nov 08 2021 23:25:18 GMT-0500 (Eastern Standard Time)","760155","Untrustworthy,Trustworthy","","null","","","","feedback","","<div class='trialDiv'><img src='trustrating_stim/white_mw084.bmp'><br><font class='baseline'><strong>Joseph</strong><p>Received: <strong>8</strong></font> &nbsp; &nbsp; &nbsp; &nbsp; &nbsp; &nbsp;<font class='posOutcome'>Shared back: <strong>4</strong></font></font><div class='respPicDiv'><img src='img/responseButtonOffersNo0_wht.png' class='respPic'></div></div>","null","18","Joseph","trustrating_stim/white_mw084.bmp","Shared","0.8,0.4","11","0.8","360","71"
"html-keyboard-response","309","653871","0.0-18.0-1.71","","bdp_trlrn","Mon Nov 08 2021 23:25:18 GMT-0500 (Eastern Standard Time)","760155","Untrustworthy,Trustworthy","","345","","","","decision","","<div class='trialDiv'><img src='trustrating_stim/white_mw035.bmp'><br><font class='baseline'><strong>Nathan</strong><p>Choose number of points to send.</font><div class='respPicDiv'><img src='img/responseButtonOffersNo0L.png' class='respPic'></div></div>","3","18","Nathan","trustrating_stim/white_mw035.bmp","Kept","0.6,0.2","12","0.6","365","72"
"html-keyboard-response","310","654127","0.0-18.0-2.71","","bdp_trlrn","Mon Nov 08 2021 23:25:18 GMT-0500 (Eastern Standard Time)","760155","Untrustworthy,Trustworthy","","null","","","","decisionFB","","<div class='trialDiv'><img src='trustrating_stim/white_mw035.bmp'><br><font class='baseline'><strong>Nathan</strong><p>Choose number of points to send.</font><div class='respPicDiv'><img src='img/responseButtonOffersNo0L3.png' class='respPic'></div></div>","null","18","Nathan","trustrating_stim/white_mw035.bmp","Kept","0.6,0.2","12","0.6","362","72"
"html-keyboard-response","311","655131","0.0-18.0-3.71","","bdp_trlrn","Mon Nov 08 2021 23:25:18 GMT-0500 (Eastern Standard Time)","760155","Untrustworthy,Trustworthy","","null","","","","feedback","","<div class='trialDiv'><img src='trustrating_stim/white_mw035.bmp'><br><font class='baseline'><strong>Nathan</strong><p>Received: <strong>12</strong></font> &nbsp; &nbsp; &nbsp; &nbsp; &nbsp; &nbsp;<font class='negOutcome'>Shared back: <strong>0</strong></font></font><div class='respPicDiv'><img src='img/responseButtonOffersNo0_wht.png' class='respPic'></div></div>","null","18","Nathan","trustrating_stim/white_mw035.bmp","Kept","0.6,0.2","12","0.6","362","72"
"html-keyboard-response","312","655759","0.0-18.0-1.72","","bdp_trlrn","Mon Nov 08 2021 23:25:18 GMT-0500 (Eastern Standard Time)","760155","Untrustworthy,Trustworthy","","626","","","","decision","","<div class='trialDiv'><img src='trustrating_stim/white_mw084.bmp'><br><font class='baseline'><strong>Joseph</strong><p>Choose number of points to send.</font><div class='respPicDiv'><img src='img/responseButtonOffersNo0L.png' class='respPic'></div></div>","1","19","Joseph","trustrating_stim/white_mw084.bmp","Shared","0.8,0.4","11","0.8","367","73"
"html-keyboard-response","313","656013","0.0-18.0-2.72","","bdp_trlrn","Mon Nov 08 2021 23:25:18 GMT-0500 (Eastern Standard Time)","760155","Untrustworthy,Trustworthy","","null","","","","decisionFB","","<div class='trialDiv'><img src='trustrating_stim/white_mw084.bmp'><br><font class='baseline'><strong>Joseph</strong><p>Choose number of points to send.</font><div class='respPicDiv'><img src='img/responseButtonOffersNo0L1.png' class='respPic'></div></div>","null","19","Joseph","trustrating_stim/white_mw084.bmp","Shared","0.8,0.4","11","0.8","366","73"
"html-keyboard-response","314","657017","0.0-18.0-3.72","","bdp_trlrn","Mon Nov 08 2021 23:25:18 GMT-0500 (Eastern Standard Time)","760155","Untrustworthy,Trustworthy","","null","","","","feedback","","<div class='trialDiv'><img src='trustrating_stim/white_mw084.bmp'><br><font class='baseline'><strong>Joseph</strong><p>Received: <strong>4</strong></font> &nbsp; &nbsp; &nbsp; &nbsp; &nbsp; &nbsp;<font class='posOutcome'>Shared back: <strong>2</strong></font></font><div class='respPicDiv'><img src='img/responseButtonOffersNo0_wht.png' class='respPic'></div></div>","null","19","Joseph","trustrating_stim/white_mw084.bmp","Shared","0.8,0.4","11","0.8","368","73"
"html-keyboard-response","315","657589","0.0-18.0-1.73","","bdp_trlrn","Mon Nov 08 2021 23:25:18 GMT-0500 (Eastern Standard Time)","760155","Untrustworthy,Trustworthy","","570","","","","decision","","<div class='trialDiv'><img src='trustrating_stim/white_mw089.bmp'><br><font class='baseline'><strong>Chris</strong><p>Choose number of points to send.</font><div class='respPicDiv'><img src='img/responseButtonOffersNo0L.png' class='respPic'></div></div>","3","19","Chris","trustrating_stim/white_mw089.bmp","Shared","0.4,0.8","14","0.4","373","74"
"html-keyboard-response","316","657844","0.0-18.0-2.73","","bdp_trlrn","Mon Nov 08 2021 23:25:18 GMT-0500 (Eastern Standard Time)","760155","Untrustworthy,Trustworthy","","null","","","","decisionFB","","<div class='trialDiv'><img src='trustrating_stim/white_mw089.bmp'><br><font class='baseline'><strong>Chris</strong><p>Choose number of points to send.</font><div class='respPicDiv'><img src='img/responseButtonOffersNo0L3.png' class='respPic'></div></div>","null","19","Chris","trustrating_stim/white_mw089.bmp","Shared","0.4,0.8","14","0.4","370","74"
"html-keyboard-response","317","658846","0.0-18.0-3.73","","bdp_trlrn","Mon Nov 08 2021 23:25:18 GMT-0500 (Eastern Standard Time)","760155","Untrustworthy,Trustworthy","","null","","","","feedback","","<div class='trialDiv'><img src='trustrating_stim/white_mw089.bmp'><br><font class='baseline'><strong>Chris</strong><p>Received: <strong>12</strong></font> &nbsp; &nbsp; &nbsp; &nbsp; &nbsp; &nbsp;<font class='posOutcome'>Shared back: <strong>6</strong></font></font><div class='respPicDiv'><img src='img/responseButtonOffersNo0_wht.png' class='respPic'></div></div>","null","19","Chris","trustrating_stim/white_mw089.bmp","Shared","0.4,0.8","14","0.4","376","74"
"html-keyboard-response","318","659193","0.0-18.0-1.74","","bdp_trlrn","Mon Nov 08 2021 23:25:18 GMT-0500 (Eastern Standard Time)","760155","Untrustworthy,Trustworthy","","345","","","","decision","","<div class='trialDiv'><img src='trustrating_stim/white_00785_941205_fb_edt.bmp'><br><font class='baseline'><strong>Brian</strong><p>Choose number of points to send.</font><div class='respPicDiv'><img src='img/responseButtonOffersNo0L.png' class='respPic'></div></div>","4","19","Brian","trustrating_stim/white_00785_941205_fb_edt.bmp","Shared","0.2,0.6","14","0.2","381","75"
"html-keyboard-response","319","659449","0.0-18.0-2.74","","bdp_trlrn","Mon Nov 08 2021 23:25:18 GMT-0500 (Eastern Standard Time)","760155","Untrustworthy,Trustworthy","","null","","","","decisionFB","","<div class='trialDiv'><img src='trustrating_stim/white_00785_941205_fb_edt.bmp'><br><font class='baseline'><strong>Brian</strong><p>Choose number of points to send.</font><div class='respPicDiv'><img src='img/responseButtonOffersNo0L4.png' class='respPic'></div></div>","null","19","Brian","trustrating_stim/white_00785_941205_fb_edt.bmp","Shared","0.2,0.6","14","0.2","377","75"
"html-keyboard-response","320","660452","0.0-18.0-3.74","","bdp_trlrn","Mon Nov 08 2021 23:25:18 GMT-0500 (Eastern Standard Time)","760155","Untrustworthy,Trustworthy","","null","","","","feedback","","<div class='trialDiv'><img src='trustrating_stim/white_00785_941205_fb_edt.bmp'><br><font class='baseline'><strong>Brian</strong><p>Received: <strong>16</strong></font> &nbsp; &nbsp; &nbsp; &nbsp; &nbsp; &nbsp;<font class='posOutcome'>Shared back: <strong>8</strong></font></font><div class='respPicDiv'><img src='img/responseButtonOffersNo0_wht.png' class='respPic'></div></div>","null","19","Brian","trustrating_stim/white_00785_941205_fb_edt.bmp","Shared","0.2,0.6","14","0.2","385","75"
"html-keyboard-response","321","660787","0.0-18.0-1.75","","bdp_trlrn","Mon Nov 08 2021 23:25:18 GMT-0500 (Eastern Standard Time)","760155","Untrustworthy,Trustworthy","","334","","","","decision","","<div class='trialDiv'><img src='trustrating_stim/white_mw035.bmp'><br><font class='baseline'><strong>Nathan</strong><p>Choose number of points to send.</font><div class='respPicDiv'><img src='img/responseButtonOffersNo0L.png' class='respPic'></div></div>","3","19","Nathan","trustrating_stim/white_mw035.bmp","Kept","0.6,0.2","12","0.6","390","76"
"html-keyboard-response","322","661044","0.0-18.0-2.75","","bdp_trlrn","Mon Nov 08 2021 23:25:18 GMT-0500 (Eastern Standard Time)","760155","Untrustworthy,Trustworthy","","null","","","","decisionFB","","<div class='trialDiv'><img src='trustrating_stim/white_mw035.bmp'><br><font class='baseline'><strong>Nathan</strong><p>Choose number of points to send.</font><div class='respPicDiv'><img src='img/responseButtonOffersNo0L3.png' class='respPic'></div></div>","null","19","Nathan","trustrating_stim/white_mw035.bmp","Kept","0.6,0.2","12","0.6","387","76"
"html-keyboard-response","323","662046","0.0-18.0-3.75","","bdp_trlrn","Mon Nov 08 2021 23:25:18 GMT-0500 (Eastern Standard Time)","760155","Untrustworthy,Trustworthy","","null","","","","feedback","","<div class='trialDiv'><img src='trustrating_stim/white_mw035.bmp'><br><font class='baseline'><strong>Nathan</strong><p>Received: <strong>12</strong></font> &nbsp; &nbsp; &nbsp; &nbsp; &nbsp; &nbsp;<font class='negOutcome'>Shared back: <strong>0</strong></font></font><div class='respPicDiv'><img src='img/responseButtonOffersNo0_wht.png' class='respPic'></div></div>","null","19","Nathan","trustrating_stim/white_mw035.bmp","Kept","0.6,0.2","12","0.6","387","76"
"html-keyboard-response","324","662392","0.0-18.0-1.76","","bdp_trlrn","Mon Nov 08 2021 23:25:18 GMT-0500 (Eastern Standard Time)","760155","Untrustworthy,Trustworthy","","343","","","","decision","","<div class='trialDiv'><img src='trustrating_stim/white_mw084.bmp'><br><font class='baseline'><strong>Joseph</strong><p>Choose number of points to send.</font><div class='respPicDiv'><img src='img/responseButtonOffersNo0L.png' class='respPic'></div></div>","2","20","Joseph","trustrating_stim/white_mw084.bmp","Shared","0.8,0.4","11","0.8","392","77"
"html-keyboard-response","325","662644","0.0-18.0-2.76","","bdp_trlrn","Mon Nov 08 2021 23:25:18 GMT-0500 (Eastern Standard Time)","760155","Untrustworthy,Trustworthy","","null","","","","decisionFB","","<div class='trialDiv'><img src='trustrating_stim/white_mw084.bmp'><br><font class='baseline'><strong>Joseph</strong><p>Choose number of points to send.</font><div class='respPicDiv'><img src='img/responseButtonOffersNo0L2.png' class='respPic'></div></div>","null","20","Joseph","trustrating_stim/white_mw084.bmp","Shared","0.8,0.4","11","0.8","390","77"
"html-keyboard-response","326","663646","0.0-18.0-3.76","","bdp_trlrn","Mon Nov 08 2021 23:25:18 GMT-0500 (Eastern Standard Time)","760155","Untrustworthy,Trustworthy","","null","","","","feedback","","<div class='trialDiv'><img src='trustrating_stim/white_mw084.bmp'><br><font class='baseline'><strong>Joseph</strong><p>Received: <strong>8</strong></font> &nbsp; &nbsp; &nbsp; &nbsp; &nbsp; &nbsp;<font class='posOutcome'>Shared back: <strong>4</strong></font></font><div class='respPicDiv'><img src='img/responseButtonOffersNo0_wht.png' class='respPic'></div></div>","null","20","Joseph","trustrating_stim/white_mw084.bmp","Shared","0.8,0.4","11","0.8","394","77"
"html-keyboard-response","327","663997","0.0-18.0-1.77","","bdp_trlrn","Mon Nov 08 2021 23:25:18 GMT-0500 (Eastern Standard Time)","760155","Untrustworthy,Trustworthy","","348","","","","decision","","<div class='trialDiv'><img src='trustrating_stim/white_mw035.bmp'><br><font class='baseline'><strong>Nathan</strong><p>Choose number of points to send.</font><div class='respPicDiv'><img src='img/responseButtonOffersNo0L.png' class='respPic'></div></div>","4","20","Nathan","trustrating_stim/white_mw035.bmp","Kept","0.6,0.2","12","0.6","399","78"
"html-keyboard-response","328","664249","0.0-18.0-2.77","","bdp_trlrn","Mon Nov 08 2021 23:25:18 GMT-0500 (Eastern Standard Time)","760155","Untrustworthy,Trustworthy","","null","","","","decisionFB","","<div class='trialDiv'><img src='trustrating_stim/white_mw035.bmp'><br><font class='baseline'><strong>Nathan</strong><p>Choose number of points to send.</font><div class='respPicDiv'><img src='img/responseButtonOffersNo0L4.png' class='respPic'></div></div>","null","20","Nathan","trustrating_stim/white_mw035.bmp","Kept","0.6,0.2","12","0.6","395","78"
"html-keyboard-response","329","665252","0.0-18.0-3.77","","bdp_trlrn","Mon Nov 08 2021 23:25:18 GMT-0500 (Eastern Standard Time)","760155","Untrustworthy,Trustworthy","","null","","","","feedback","","<div class='trialDiv'><img src='trustrating_stim/white_mw035.bmp'><br><font class='baseline'><strong>Nathan</strong><p>Received: <strong>16</strong></font> &nbsp; &nbsp; &nbsp; &nbsp; &nbsp; &nbsp;<font class='negOutcome'>Shared back: <strong>0</strong></font></font><div class='respPicDiv'><img src='img/responseButtonOffersNo0_wht.png' class='respPic'></div></div>","null","20","Nathan","trustrating_stim/white_mw035.bmp","Kept","0.6,0.2","12","0.6","395","78"
"html-keyboard-response","330","665872","0.0-18.0-1.78","","bdp_trlrn","Mon Nov 08 2021 23:25:18 GMT-0500 (Eastern Standard Time)","760155","Untrustworthy,Trustworthy","","619","","","","decision","","<div class='trialDiv'><img src='trustrating_stim/white_mw089.bmp'><br><font class='baseline'><strong>Chris</strong><p>Choose number of points to send.</font><div class='respPicDiv'><img src='img/responseButtonOffersNo0L.png' class='respPic'></div></div>","1","20","Chris","trustrating_stim/white_mw089.bmp","Kept","0.4,0.8","14","0.4","400","79"
"html-keyboard-response","331","666126","0.0-18.0-2.78","","bdp_trlrn","Mon Nov 08 2021 23:25:18 GMT-0500 (Eastern Standard Time)","760155","Untrustworthy,Trustworthy","","null","","","","decisionFB","","<div class='trialDiv'><img src='trustrating_stim/white_mw089.bmp'><br><font class='baseline'><strong>Chris</strong><p>Choose number of points to send.</font><div class='respPicDiv'><img src='img/responseButtonOffersNo0L1.png' class='respPic'></div></div>","null","20","Chris","trustrating_stim/white_mw089.bmp","Kept","0.4,0.8","14","0.4","399","79"
"html-keyboard-response","332","667129","0.0-18.0-3.78","","bdp_trlrn","Mon Nov 08 2021 23:25:18 GMT-0500 (Eastern Standard Time)","760155","Untrustworthy,Trustworthy","","null","","","","feedback","","<div class='trialDiv'><img src='trustrating_stim/white_mw089.bmp'><br><font class='baseline'><strong>Chris</strong><p>Received: <strong>4</strong></font> &nbsp; &nbsp; &nbsp; &nbsp; &nbsp; &nbsp;<font class='negOutcome'>Shared back: <strong>0</strong></font></font><div class='respPicDiv'><img src='img/responseButtonOffersNo0_wht.png' class='respPic'></div></div>","null","20","Chris","trustrating_stim/white_mw089.bmp","Kept","0.4,0.8","14","0.4","399","79"
"html-keyboard-response","333","667396","0.0-18.0-1.79","","bdp_trlrn","Mon Nov 08 2021 23:25:18 GMT-0500 (Eastern Standard Time)","760155","Untrustworthy,Trustworthy","","264","","","","decision","","<div class='trialDiv'><img src='trustrating_stim/white_00785_941205_fb_edt.bmp'><br><font class='baseline'><strong>Brian</strong><p>Choose number of points to send.</font><div class='respPicDiv'><img src='img/responseButtonOffersNo0L.png' class='respPic'></div></div>","2","20","Brian","trustrating_stim/white_00785_941205_fb_edt.bmp","Shared","0.2,0.6","14","0.2","404","80"
"html-keyboard-response","334","667652","0.0-18.0-2.79","","bdp_trlrn","Mon Nov 08 2021 23:25:18 GMT-0500 (Eastern Standard Time)","760155","Untrustworthy,Trustworthy","","null","","","","decisionFB","","<div class='trialDiv'><img src='trustrating_stim/white_00785_941205_fb_edt.bmp'><br><font class='baseline'><strong>Brian</strong><p>Choose number of points to send.</font><div class='respPicDiv'><img src='img/responseButtonOffersNo0L2.png' class='respPic'></div></div>","null","20","Brian","trustrating_stim/white_00785_941205_fb_edt.bmp","Shared","0.2,0.6","14","0.2","402","80"
"html-keyboard-response","335","668654","0.0-18.0-3.79","","bdp_trlrn","Mon Nov 08 2021 23:25:18 GMT-0500 (Eastern Standard Time)","760155","Untrustworthy,Trustworthy","","null","","","","feedback","","<div class='trialDiv'><img src='trustrating_stim/white_00785_941205_fb_edt.bmp'><br><font class='baseline'><strong>Brian</strong><p>Received: <strong>8</strong></font> &nbsp; &nbsp; &nbsp; &nbsp; &nbsp; &nbsp;<font class='posOutcome'>Shared back: <strong>4</strong></font></font><div class='respPicDiv'><img src='img/responseButtonOffersNo0_wht.png' class='respPic'></div></div>","null","20","Brian","trustrating_stim/white_00785_941205_fb_edt.bmp","Shared","0.2,0.6","14","0.2","406","80"
"html-keyboard-response","336","669072","0.0-18.0-1.80","","bdp_trlrn","Mon Nov 08 2021 23:25:18 GMT-0500 (Eastern Standard Time)","760155","Untrustworthy,Trustworthy","","415","","","","decision","","<div class='trialDiv'><img src='trustrating_stim/white_mw035.bmp'><br><font class='baseline'><strong>Nathan</strong><p>Choose number of points to send.</font><div class='respPicDiv'><img src='img/responseButtonOffersNo0L.png' class='respPic'></div></div>","3","21","Nathan","trustrating_stim/white_mw035.bmp","Kept","0.6,0.2","12","0.6","411","81"
"html-keyboard-response","337","669326","0.0-18.0-2.80","","bdp_trlrn","Mon Nov 08 2021 23:25:18 GMT-0500 (Eastern Standard Time)","760155","Untrustworthy,Trustworthy","","null","","","","decisionFB","","<div class='trialDiv'><img src='trustrating_stim/white_mw035.bmp'><br><font class='baseline'><strong>Nathan</strong><p>Choose number of points to send.</font><div class='respPicDiv'><img src='img/responseButtonOffersNo0L3.png' class='respPic'></div></div>","null","21","Nathan","trustrating_stim/white_mw035.bmp","Kept","0.6,0.2","12","0.6","408","81"
"html-keyboard-response","338","670329","0.0-18.0-3.80","","bdp_trlrn","Mon Nov 08 2021 23:25:18 GMT-0500 (Eastern Standard Time)","760155","Untrustworthy,Trustworthy","","null","","","","feedback","","<div class='trialDiv'><img src='trustrating_stim/white_mw035.bmp'><br><font class='baseline'><strong>Nathan</strong><p>Received: <strong>12</strong></font> &nbsp; &nbsp; &nbsp; &nbsp; &nbsp; &nbsp;<font class='negOutcome'>Shared back: <strong>0</strong></font></font><div class='respPicDiv'><img src='img/responseButtonOffersNo0_wht.png' class='respPic'></div></div>","null","21","Nathan","trustrating_stim/white_mw035.bmp","Kept","0.6,0.2","12","0.6","408","81"
"html-keyboard-response","339","670616","0.0-18.0-1.81","","bdp_trlrn","Mon Nov 08 2021 23:25:18 GMT-0500 (Eastern Standard Time)","760155","Untrustworthy,Trustworthy","","285","","","","decision","","<div class='trialDiv'><img src='trustrating_stim/white_mw089.bmp'><br><font class='baseline'><strong>Chris</strong><p>Choose number of points to send.</font><div class='respPicDiv'><img src='img/responseButtonOffersNo0L.png' class='respPic'></div></div>","4","21","Chris","trustrating_stim/white_mw089.bmp","Shared","0.4,0.8","14","0.4","413","82"
"html-keyboard-response","340","670872","0.0-18.0-2.81","","bdp_trlrn","Mon Nov 08 2021 23:25:18 GMT-0500 (Eastern Standard Time)","760155","Untrustworthy,Trustworthy","","null","","","","decisionFB","","<div class='trialDiv'><img src='trustrating_stim/white_mw089.bmp'><br><font class='baseline'><strong>Chris</strong><p>Choose number of points to send.</font><div class='respPicDiv'><img src='img/responseButtonOffersNo0L4.png' class='respPic'></div></div>","null","21","Chris","trustrating_stim/white_mw089.bmp","Shared","0.4,0.8","14","0.4","409","82"
"html-keyboard-response","341","671875","0.0-18.0-3.81","","bdp_trlrn","Mon Nov 08 2021 23:25:18 GMT-0500 (Eastern Standard Time)","760155","Untrustworthy,Trustworthy","","null","","","","feedback","","<div class='trialDiv'><img src='trustrating_stim/white_mw089.bmp'><br><font class='baseline'><strong>Chris</strong><p>Received: <strong>16</strong></font> &nbsp; &nbsp; &nbsp; &nbsp; &nbsp; &nbsp;<font class='posOutcome'>Shared back: <strong>8</strong></font></font><div class='respPicDiv'><img src='img/responseButtonOffersNo0_wht.png' class='respPic'></div></div>","null","21","Chris","trustrating_stim/white_mw089.bmp","Shared","0.4,0.8","14","0.4","417","82"
"html-keyboard-response","342","672510","0.0-18.0-1.82","","bdp_trlrn","Mon Nov 08 2021 23:25:18 GMT-0500 (Eastern Standard Time)","760155","Untrustworthy,Trustworthy","","634","","","","decision","","<div class='trialDiv'><img src='trustrating_stim/white_00785_941205_fb_edt.bmp'><br><font class='baseline'><strong>Brian</strong><p>Choose number of points to send.</font><div class='respPicDiv'><img src='img/responseButtonOffersNo0L.png' class='respPic'></div></div>","2","21","Brian","trustrating_stim/white_00785_941205_fb_edt.bmp","Shared","0.2,0.6","14","0.2","422","83"
"html-keyboard-response","343","672766","0.0-18.0-2.82","","bdp_trlrn","Mon Nov 08 2021 23:25:18 GMT-0500 (Eastern Standard Time)","760155","Untrustworthy,Trustworthy","","null","","","","decisionFB","","<div class='trialDiv'><img src='trustrating_stim/white_00785_941205_fb_edt.bmp'><br><font class='baseline'><strong>Brian</strong><p>Choose number of points to send.</font><div class='respPicDiv'><img src='img/responseButtonOffersNo0L2.png' class='respPic'></div></div>","null","21","Brian","trustrating_stim/white_00785_941205_fb_edt.bmp","Shared","0.2,0.6","14","0.2","420","83"
"html-keyboard-response","344","673769","0.0-18.0-3.82","","bdp_trlrn","Mon Nov 08 2021 23:25:18 GMT-0500 (Eastern Standard Time)","760155","Untrustworthy,Trustworthy","","null","","","","feedback","","<div class='trialDiv'><img src='trustrating_stim/white_00785_941205_fb_edt.bmp'><br><font class='baseline'><strong>Brian</strong><p>Received: <strong>8</strong></font> &nbsp; &nbsp; &nbsp; &nbsp; &nbsp; &nbsp;<font class='posOutcome'>Shared back: <strong>4</strong></font></font><div class='respPicDiv'><img src='img/responseButtonOffersNo0_wht.png' class='respPic'></div></div>","null","21","Brian","trustrating_stim/white_00785_941205_fb_edt.bmp","Shared","0.2,0.6","14","0.2","424","83"
"html-keyboard-response","345","674217","0.0-18.0-1.83","","bdp_trlrn","Mon Nov 08 2021 23:25:18 GMT-0500 (Eastern Standard Time)","760155","Untrustworthy,Trustworthy","","446","","","","decision","","<div class='trialDiv'><img src='trustrating_stim/white_mw084.bmp'><br><font class='baseline'><strong>Joseph</strong><p>Choose number of points to send.</font><div class='respPicDiv'><img src='img/responseButtonOffersNo0L.png' class='respPic'></div></div>","3","21","Joseph","trustrating_stim/white_mw084.bmp","Shared","0.8,0.4","11","0.8","429","84"
"html-keyboard-response","346","674473","0.0-18.0-2.83","","bdp_trlrn","Mon Nov 08 2021 23:25:18 GMT-0500 (Eastern Standard Time)","760155","Untrustworthy,Trustworthy","","null","","","","decisionFB","","<div class='trialDiv'><img src='trustrating_stim/white_mw084.bmp'><br><font class='baseline'><strong>Joseph</strong><p>Choose number of points to send.</font><div class='respPicDiv'><img src='img/responseButtonOffersNo0L3.png' class='respPic'></div></div>","null","21","Joseph","trustrating_stim/white_mw084.bmp","Shared","0.8,0.4","11","0.8","426","84"
"html-keyboard-response","347","675475","0.0-18.0-3.83","","bdp_trlrn","Mon Nov 08 2021 23:25:18 GMT-0500 (Eastern Standard Time)","760155","Untrustworthy,Trustworthy","","null","","","","feedback","","<div class='trialDiv'><img src='trustrating_stim/white_mw084.bmp'><br><font class='baseline'><strong>Joseph</strong><p>Received: <strong>12</strong></font> &nbsp; &nbsp; &nbsp; &nbsp; &nbsp; &nbsp;<font class='posOutcome'>Shared back: <strong>6</strong></font></font><div class='respPicDiv'><img src='img/responseButtonOffersNo0_wht.png' class='respPic'></div></div>","null","21","Joseph","trustrating_stim/white_mw084.bmp","Shared","0.8,0.4","11","0.8","432","84"
"html-keyboard-response","348","675994","0.0-18.0-1.84","","bdp_trlrn","Mon Nov 08 2021 23:25:18 GMT-0500 (Eastern Standard Time)","760155","Untrustworthy,Trustworthy","","517","","","","decision","","<div class='trialDiv'><img src='trustrating_stim/white_mw035.bmp'><br><font class='baseline'><strong>Nathan</strong><p>Choose number of points to send.</font><div class='respPicDiv'><img src='img/responseButtonOffersNo0L.png' class='respPic'></div></div>","2","22","Nathan","trustrating_stim/white_mw035.bmp","Kept","0.6,0.2","12","0.6","437","85"
"html-keyboard-response","349","676249","0.0-18.0-2.84","","bdp_trlrn","Mon Nov 08 2021 23:25:18 GMT-0500 (Eastern Standard Time)","760155","Untrustworthy,Trustworthy","","null","","","","decisionFB","","<div class='trialDiv'><img src='trustrating_stim/white_mw035.bmp'><br><font class='baseline'><strong>Nathan</strong><p>Choose number of points to send.</font><div class='respPicDiv'><img src='img/responseButtonOffersNo0L2.png' class='respPic'></div></div>","null","22","Nathan","trustrating_stim/white_mw035.bmp","Kept","0.6,0.2","12","0.6","435","85"
"html-keyboard-response","350","677255","0.0-18.0-3.84","","bdp_trlrn","Mon Nov 08 2021 23:25:18 GMT-0500 (Eastern Standard Time)","760155","Untrustworthy,Trustworthy","","null","","","","feedback","","<div class='trialDiv'><img src='trustrating_stim/white_mw035.bmp'><br><font class='baseline'><strong>Nathan</strong><p>Received: <strong>8</strong></font> &nbsp; &nbsp; &nbsp; &nbsp; &nbsp; &nbsp;<font class='negOutcome'>Shared back: <strong>0</strong></font></font><div class='respPicDiv'><img src='img/responseButtonOffersNo0_wht.png' class='respPic'></div></div>","null","22","Nathan","trustrating_stim/white_mw035.bmp","Kept","0.6,0.2","12","0.6","435","85"
"html-keyboard-response","351","677475","0.0-18.0-1.85","","bdp_trlrn","Mon Nov 08 2021 23:25:18 GMT-0500 (Eastern Standard Time)","760155","Untrustworthy,Trustworthy","","220","","","","decision","","<div class='trialDiv'><img src='trustrating_stim/white_mw089.bmp'><br><font class='baseline'><strong>Chris</strong><p>Choose number of points to send.</font><div class='respPicDiv'><img src='img/responseButtonOffersNo0L.png' class='respPic'></div></div>","4","22","Chris","trustrating_stim/white_mw089.bmp","Shared","0.4,0.8","14","0.4","440","86"
"html-keyboard-response","352","677731","0.0-18.0-2.85","","bdp_trlrn","Mon Nov 08 2021 23:25:18 GMT-0500 (Eastern Standard Time)","760155","Untrustworthy,Trustworthy","","null","","","","decisionFB","","<div class='trialDiv'><img src='trustrating_stim/white_mw089.bmp'><br><font class='baseline'><strong>Chris</strong><p>Choose number of points to send.</font><div class='respPicDiv'><img src='img/responseButtonOffersNo0L4.png' class='respPic'></div></div>","null","22","Chris","trustrating_stim/white_mw089.bmp","Shared","0.4,0.8","14","0.4","436","86"
"html-keyboard-response","353","678734","0.0-18.0-3.85","","bdp_trlrn","Mon Nov 08 2021 23:25:18 GMT-0500 (Eastern Standard Time)","760155","Untrustworthy,Trustworthy","","null","","","","feedback","","<div class='trialDiv'><img src='trustrating_stim/white_mw089.bmp'><br><font class='baseline'><strong>Chris</strong><p>Received: <strong>16</strong></font> &nbsp; &nbsp; &nbsp; &nbsp; &nbsp; &nbsp;<font class='posOutcome'>Shared back: <strong>8</strong></font></font><div class='respPicDiv'><img src='img/responseButtonOffersNo0_wht.png' class='respPic'></div></div>","null","22","Chris","trustrating_stim/white_mw089.bmp","Shared","0.4,0.8","14","0.4","444","86"
"html-keyboard-response","354","679091","0.0-18.0-1.86","","bdp_trlrn","Mon Nov 08 2021 23:25:18 GMT-0500 (Eastern Standard Time)","760155","Untrustworthy,Trustworthy","","355","","","","decision","","<div class='trialDiv'><img src='trustrating_stim/white_mw084.bmp'><br><font class='baseline'><strong>Joseph</strong><p>Choose number of points to send.</font><div class='respPicDiv'><img src='img/responseButtonOffersNo0L.png' class='respPic'></div></div>","1","22","Joseph","trustrating_stim/white_mw084.bmp","Shared","0.8,0.4","11","0.8","449","87"
"html-keyboard-response","355","679347","0.0-18.0-2.86","","bdp_trlrn","Mon Nov 08 2021 23:25:18 GMT-0500 (Eastern Standard Time)","760155","Untrustworthy,Trustworthy","","null","","","","decisionFB","","<div class='trialDiv'><img src='trustrating_stim/white_mw084.bmp'><br><font class='baseline'><strong>Joseph</strong><p>Choose number of points to send.</font><div class='respPicDiv'><img src='img/responseButtonOffersNo0L1.png' class='respPic'></div></div>","null","22","Joseph","trustrating_stim/white_mw084.bmp","Shared","0.8,0.4","11","0.8","448","87"
"html-keyboard-response","356","680350","0.0-18.0-3.86","","bdp_trlrn","Mon Nov 08 2021 23:25:18 GMT-0500 (Eastern Standard Time)","760155","Untrustworthy,Trustworthy","","null","","","","feedback","","<div class='trialDiv'><img src='trustrating_stim/white_mw084.bmp'><br><font class='baseline'><strong>Joseph</strong><p>Received: <strong>4</strong></font> &nbsp; &nbsp; &nbsp; &nbsp; &nbsp; &nbsp;<font class='posOutcome'>Shared back: <strong>2</strong></font></font><div class='respPicDiv'><img src='img/responseButtonOffersNo0_wht.png' class='respPic'></div></div>","null","22","Joseph","trustrating_stim/white_mw084.bmp","Shared","0.8,0.4","11","0.8","450","87"
"html-keyboard-response","357","680673","0.0-18.0-1.87","","bdp_trlrn","Mon Nov 08 2021 23:25:18 GMT-0500 (Eastern Standard Time)","760155","Untrustworthy,Trustworthy","","321","","","","decision","","<div class='trialDiv'><img src='trustrating_stim/white_00785_941205_fb_edt.bmp'><br><font class='baseline'><strong>Brian</strong><p>Choose number of points to send.</font><div class='respPicDiv'><img src='img/responseButtonOffersNo0L.png' class='respPic'></div></div>","4","22","Brian","trustrating_stim/white_00785_941205_fb_edt.bmp","Shared","0.2,0.6","14","0.2","455","88"
"html-keyboard-response","358","680926","0.0-18.0-2.87","","bdp_trlrn","Mon Nov 08 2021 23:25:18 GMT-0500 (Eastern Standard Time)","760155","Untrustworthy,Trustworthy","","null","","","","decisionFB","","<div class='trialDiv'><img src='trustrating_stim/white_00785_941205_fb_edt.bmp'><br><font class='baseline'><strong>Brian</strong><p>Choose number of points to send.</font><div class='respPicDiv'><img src='img/responseButtonOffersNo0L4.png' class='respPic'></div></div>","null","22","Brian","trustrating_stim/white_00785_941205_fb_edt.bmp","Shared","0.2,0.6","14","0.2","451","88"
"html-keyboard-response","359","681929","0.0-18.0-3.87","","bdp_trlrn","Mon Nov 08 2021 23:25:18 GMT-0500 (Eastern Standard Time)","760155","Untrustworthy,Trustworthy","","null","","","","feedback","","<div class='trialDiv'><img src='trustrating_stim/white_00785_941205_fb_edt.bmp'><br><font class='baseline'><strong>Brian</strong><p>Received: <strong>16</strong></font> &nbsp; &nbsp; &nbsp; &nbsp; &nbsp; &nbsp;<font class='posOutcome'>Shared back: <strong>8</strong></font></font><div class='respPicDiv'><img src='img/responseButtonOffersNo0_wht.png' class='respPic'></div></div>","null","22","Brian","trustrating_stim/white_00785_941205_fb_edt.bmp","Shared","0.2,0.6","14","0.2","459","88"
"html-keyboard-response","360","682265","0.0-18.0-1.88","","bdp_trlrn","Mon Nov 08 2021 23:25:18 GMT-0500 (Eastern Standard Time)","760155","Untrustworthy,Trustworthy","","335","","","","decision","","<div class='trialDiv'><img src='trustrating_stim/white_mw089.bmp'><br><font class='baseline'><strong>Chris</strong><p>Choose number of points to send.</font><div class='respPicDiv'><img src='img/responseButtonOffersNo0L.png' class='respPic'></div></div>","5","23","Chris","trustrating_stim/white_mw089.bmp","Shared","0.4,0.8","14","0.4","464","89"
"html-keyboard-response","361","682519","0.0-18.0-2.88","","bdp_trlrn","Mon Nov 08 2021 23:25:18 GMT-0500 (Eastern Standard Time)","760155","Untrustworthy,Trustworthy","","null","","","","decisionFB","","<div class='trialDiv'><img src='trustrating_stim/white_mw089.bmp'><br><font class='baseline'><strong>Chris</strong><p>Choose number of points to send.</font><div class='respPicDiv'><img src='img/responseButtonOffersNo0L5.png' class='respPic'></div></div>","null","23","Chris","trustrating_stim/white_mw089.bmp","Shared","0.4,0.8","14","0.4","459","89"
"html-keyboard-response","362","683523","0.0-18.0-3.88","","bdp_trlrn","Mon Nov 08 2021 23:25:18 GMT-0500 (Eastern Standard Time)","760155","Untrustworthy,Trustworthy","","null","","","","feedback","","<div class='trialDiv'><img src='trustrating_stim/white_mw089.bmp'><br><font class='baseline'><strong>Chris</strong><p>Received: <strong>20</strong></font> &nbsp; &nbsp; &nbsp; &nbsp; &nbsp; &nbsp;<font class='posOutcome'>Shared back: <strong>10</strong></font></font><div class='respPicDiv'><img src='img/responseButtonOffersNo0_wht.png' class='respPic'></div></div>","null","23","Chris","trustrating_stim/white_mw089.bmp","Shared","0.4,0.8","14","0.4","469","89"
"html-keyboard-response","363","683888","0.0-18.0-1.89","","bdp_trlrn","Mon Nov 08 2021 23:25:18 GMT-0500 (Eastern Standard Time)","760155","Untrustworthy,Trustworthy","","363","","","","decision","","<div class='trialDiv'><img src='trustrating_stim/white_mw035.bmp'><br><font class='baseline'><strong>Nathan</strong><p>Choose number of points to send.</font><div class='respPicDiv'><img src='img/responseButtonOffersNo0L.png' class='respPic'></div></div>","2","23","Nathan","trustrating_stim/white_mw035.bmp","Kept","0.6,0.2","12","0.6","474","90"
"html-keyboard-response","364","684142","0.0-18.0-2.89","","bdp_trlrn","Mon Nov 08 2021 23:25:18 GMT-0500 (Eastern Standard Time)","760155","Untrustworthy,Trustworthy","","null","","","","decisionFB","","<div class='trialDiv'><img src='trustrating_stim/white_mw035.bmp'><br><font class='baseline'><strong>Nathan</strong><p>Choose number of points to send.</font><div class='respPicDiv'><img src='img/responseButtonOffersNo0L2.png' class='respPic'></div></div>","null","23","Nathan","trustrating_stim/white_mw035.bmp","Kept","0.6,0.2","12","0.6","472","90"
"html-keyboard-response","365","685145","0.0-18.0-3.89","","bdp_trlrn","Mon Nov 08 2021 23:25:18 GMT-0500 (Eastern Standard Time)","760155","Untrustworthy,Trustworthy","","null","","","","feedback","","<div class='trialDiv'><img src='trustrating_stim/white_mw035.bmp'><br><font class='baseline'><strong>Nathan</strong><p>Received: <strong>8</strong></font> &nbsp; &nbsp; &nbsp; &nbsp; &nbsp; &nbsp;<font class='negOutcome'>Shared back: <strong>0</strong></font></font><div class='respPicDiv'><img src='img/responseButtonOffersNo0_wht.png' class='respPic'></div></div>","null","23","Nathan","trustrating_stim/white_mw035.bmp","Kept","0.6,0.2","12","0.6","472","90"
"html-keyboard-response","366","685371","0.0-18.0-1.90","","bdp_trlrn","Mon Nov 08 2021 23:25:18 GMT-0500 (Eastern Standard Time)","760155","Untrustworthy,Trustworthy","","225","","","","decision","","<div class='trialDiv'><img src='trustrating_stim/white_mw084.bmp'><br><font class='baseline'><strong>Joseph</strong><p>Choose number of points to send.</font><div class='respPicDiv'><img src='img/responseButtonOffersNo0L.png' class='respPic'></div></div>","3","23","Joseph","trustrating_stim/white_mw084.bmp","Shared","0.8,0.4","11","0.8","477","91"
"html-keyboard-response","367","685625","0.0-18.0-2.90","","bdp_trlrn","Mon Nov 08 2021 23:25:18 GMT-0500 (Eastern Standard Time)","760155","Untrustworthy,Trustworthy","","null","","","","decisionFB","","<div class='trialDiv'><img src='trustrating_stim/white_mw084.bmp'><br><font class='baseline'><strong>Joseph</strong><p>Choose number of points to send.</font><div class='respPicDiv'><img src='img/responseButtonOffersNo0L3.png' class='respPic'></div></div>","null","23","Joseph","trustrating_stim/white_mw084.bmp","Shared","0.8,0.4","11","0.8","474","91"
"html-keyboard-response","368","686627","0.0-18.0-3.90","","bdp_trlrn","Mon Nov 08 2021 23:25:18 GMT-0500 (Eastern Standard Time)","760155","Untrustworthy,Trustworthy","","null","","","","feedback","","<div class='trialDiv'><img src='trustrating_stim/white_mw084.bmp'><br><font class='baseline'><strong>Joseph</strong><p>Received: <strong>12</strong></font> &nbsp; &nbsp; &nbsp; &nbsp; &nbsp; &nbsp;<font class='posOutcome'>Shared back: <strong>6</strong></font></font><div class='respPicDiv'><img src='img/responseButtonOffersNo0_wht.png' class='respPic'></div></div>","null","23","Joseph","trustrating_stim/white_mw084.bmp","Shared","0.8,0.4","11","0.8","480","91"
"html-keyboard-response","369","686917","0.0-18.0-1.91","","bdp_trlrn","Mon Nov 08 2021 23:25:18 GMT-0500 (Eastern Standard Time)","760155","Untrustworthy,Trustworthy","","288","","","","decision","","<div class='trialDiv'><img src='trustrating_stim/white_00785_941205_fb_edt.bmp'><br><font class='baseline'><strong>Brian</strong><p>Choose number of points to send.</font><div class='respPicDiv'><img src='img/responseButtonOffersNo0L.png' class='respPic'></div></div>","3","23","Brian","trustrating_stim/white_00785_941205_fb_edt.bmp","Kept","0.2,0.6","14","0.2","485","92"
"html-keyboard-response","370","687171","0.0-18.0-2.91","","bdp_trlrn","Mon Nov 08 2021 23:25:18 GMT-0500 (Eastern Standard Time)","760155","Untrustworthy,Trustworthy","","null","","","","decisionFB","","<div class='trialDiv'><img src='trustrating_stim/white_00785_941205_fb_edt.bmp'><br><font class='baseline'><strong>Brian</strong><p>Choose number of points to send.</font><div class='respPicDiv'><img src='img/responseButtonOffersNo0L3.png' class='respPic'></div></div>","null","23","Brian","trustrating_stim/white_00785_941205_fb_edt.bmp","Kept","0.2,0.6","14","0.2","482","92"
"html-keyboard-response","371","688174","0.0-18.0-3.91","","bdp_trlrn","Mon Nov 08 2021 23:25:18 GMT-0500 (Eastern Standard Time)","760155","Untrustworthy,Trustworthy","","null","","","","feedback","","<div class='trialDiv'><img src='trustrating_stim/white_00785_941205_fb_edt.bmp'><br><font class='baseline'><strong>Brian</strong><p>Received: <strong>12</strong></font> &nbsp; &nbsp; &nbsp; &nbsp; &nbsp; &nbsp;<font class='negOutcome'>Shared back: <strong>0</strong></font></font><div class='respPicDiv'><img src='img/responseButtonOffersNo0_wht.png' class='respPic'></div></div>","null","23","Brian","trustrating_stim/white_00785_941205_fb_edt.bmp","Kept","0.2,0.6","14","0.2","482","92"
"html-keyboard-response","372","688423","0.0-18.0-1.92","","bdp_trlrn","Mon Nov 08 2021 23:25:18 GMT-0500 (Eastern Standard Time)","760155","Untrustworthy,Trustworthy","","246","","","","decision","","<div class='trialDiv'><img src='trustrating_stim/white_mw035.bmp'><br><font class='baseline'><strong>Nathan</strong><p>Choose number of points to send.</font><div class='respPicDiv'><img src='img/responseButtonOffersNo0L.png' class='respPic'></div></div>","2","24","Nathan","trustrating_stim/white_mw035.bmp","Kept","0.6,0.2","12","0.6","487","93"
"html-keyboard-response","373","688675","0.0-18.0-2.92","","bdp_trlrn","Mon Nov 08 2021 23:25:18 GMT-0500 (Eastern Standard Time)","760155","Untrustworthy,Trustworthy","","null","","","","decisionFB","","<div class='trialDiv'><img src='trustrating_stim/white_mw035.bmp'><br><font class='baseline'><strong>Nathan</strong><p>Choose number of points to send.</font><div class='respPicDiv'><img src='img/responseButtonOffersNo0L2.png' class='respPic'></div></div>","null","24","Nathan","trustrating_stim/white_mw035.bmp","Kept","0.6,0.2","12","0.6","485","93"
"html-keyboard-response","374","689678","0.0-18.0-3.92","","bdp_trlrn","Mon Nov 08 2021 23:25:18 GMT-0500 (Eastern Standard Time)","760155","Untrustworthy,Trustworthy","","null","","","","feedback","","<div class='trialDiv'><img src='trustrating_stim/white_mw035.bmp'><br><font class='baseline'><strong>Nathan</strong><p>Received: <strong>8</strong></font> &nbsp; &nbsp; &nbsp; &nbsp; &nbsp; &nbsp;<font class='negOutcome'>Shared back: <strong>0</strong></font></font><div class='respPicDiv'><img src='img/responseButtonOffersNo0_wht.png' class='respPic'></div></div>","null","24","Nathan","trustrating_stim/white_mw035.bmp","Kept","0.6,0.2","12","0.6","485","93"
"html-keyboard-response","375","690072","0.0-18.0-1.93","","bdp_trlrn","Mon Nov 08 2021 23:25:18 GMT-0500 (Eastern Standard Time)","760155","Untrustworthy,Trustworthy","","392","","","","decision","","<div class='trialDiv'><img src='trustrating_stim/white_mw089.bmp'><br><font class='baseline'><strong>Chris</strong><p>Choose number of points to send.</font><div class='respPicDiv'><img src='img/responseButtonOffersNo0L.png' class='respPic'></div></div>","4","24","Chris","trustrating_stim/white_mw089.bmp","Kept","0.4,0.8","14","0.4","490","94"
"html-keyboard-response","376","690329","0.0-18.0-2.93","","bdp_trlrn","Mon Nov 08 2021 23:25:18 GMT-0500 (Eastern Standard Time)","760155","Untrustworthy,Trustworthy","","null","","","","decisionFB","","<div class='trialDiv'><img src='trustrating_stim/white_mw089.bmp'><br><font class='baseline'><strong>Chris</strong><p>Choose number of points to send.</font><div class='respPicDiv'><img src='img/responseButtonOffersNo0L4.png' class='respPic'></div></div>","null","24","Chris","trustrating_stim/white_mw089.bmp","Kept","0.4,0.8","14","0.4","486","94"
"html-keyboard-response","377","691332","0.0-18.0-3.93","","bdp_trlrn","Mon Nov 08 2021 23:25:18 GMT-0500 (Eastern Standard Time)","760155","Untrustworthy,Trustworthy","","null","","","","feedback","","<div class='trialDiv'><img src='trustrating_stim/white_mw089.bmp'><br><font class='baseline'><strong>Chris</strong><p>Received: <strong>16</strong></font> &nbsp; &nbsp; &nbsp; &nbsp; &nbsp; &nbsp;<font class='negOutcome'>Shared back: <strong>0</strong></font></font><div class='respPicDiv'><img src='img/responseButtonOffersNo0_wht.png' class='respPic'></div></div>","null","24","Chris","trustrating_stim/white_mw089.bmp","Kept","0.4,0.8","14","0.4","486","94"
"html-keyboard-response","378","691705","0.0-18.0-1.94","","bdp_trlrn","Mon Nov 08 2021 23:25:18 GMT-0500 (Eastern Standard Time)","760155","Untrustworthy,Trustworthy","","372","","","","decision","","<div class='trialDiv'><img src='trustrating_stim/white_00785_941205_fb_edt.bmp'><br><font class='baseline'><strong>Brian</strong><p>Choose number of points to send.</font><div class='respPicDiv'><img src='img/responseButtonOffersNo0L.png' class='respPic'></div></div>","1","24","Brian","trustrating_stim/white_00785_941205_fb_edt.bmp","Kept","0.2,0.6","14","0.2","491","95"
"html-keyboard-response","379","691961","0.0-18.0-2.94","","bdp_trlrn","Mon Nov 08 2021 23:25:18 GMT-0500 (Eastern Standard Time)","760155","Untrustworthy,Trustworthy","","null","","","","decisionFB","","<div class='trialDiv'><img src='trustrating_stim/white_00785_941205_fb_edt.bmp'><br><font class='baseline'><strong>Brian</strong><p>Choose number of points to send.</font><div class='respPicDiv'><img src='img/responseButtonOffersNo0L1.png' class='respPic'></div></div>","null","24","Brian","trustrating_stim/white_00785_941205_fb_edt.bmp","Kept","0.2,0.6","14","0.2","490","95"
"html-keyboard-response","380","692963","0.0-18.0-3.94","","bdp_trlrn","Mon Nov 08 2021 23:25:18 GMT-0500 (Eastern Standard Time)","760155","Untrustworthy,Trustworthy","","null","","","","feedback","","<div class='trialDiv'><img src='trustrating_stim/white_00785_941205_fb_edt.bmp'><br><font class='baseline'><strong>Brian</strong><p>Received: <strong>4</strong></font> &nbsp; &nbsp; &nbsp; &nbsp; &nbsp; &nbsp;<font class='negOutcome'>Shared back: <strong>0</strong></font></font><div class='respPicDiv'><img src='img/responseButtonOffersNo0_wht.png' class='respPic'></div></div>","null","24","Brian","trustrating_stim/white_00785_941205_fb_edt.bmp","Kept","0.2,0.6","14","0.2","490","95"
"html-keyboard-response","381","693261","0.0-18.0-1.95","","bdp_trlrn","Mon Nov 08 2021 23:25:18 GMT-0500 (Eastern Standard Time)","760155","Untrustworthy,Trustworthy","","295","","","","decision","","<div class='trialDiv'><img src='trustrating_stim/white_mw084.bmp'><br><font class='baseline'><strong>Joseph</strong><p>Choose number of points to send.</font><div class='respPicDiv'><img src='img/responseButtonOffersNo0L.png' class='respPic'></div></div>","4","24","Joseph","trustrating_stim/white_mw084.bmp","Shared","0.8,0.4","11","0.8","495","96"
"html-keyboard-response","382","693518","0.0-18.0-2.95","","bdp_trlrn","Mon Nov 08 2021 23:25:18 GMT-0500 (Eastern Standard Time)","760155","Untrustworthy,Trustworthy","","null","","","","decisionFB","","<div class='trialDiv'><img src='trustrating_stim/white_mw084.bmp'><br><font class='baseline'><strong>Joseph</strong><p>Choose number of points to send.</font><div class='respPicDiv'><img src='img/responseButtonOffersNo0L4.png' class='respPic'></div></div>","null","24","Joseph","trustrating_stim/white_mw084.bmp","Shared","0.8,0.4","11","0.8","491","96"
"html-keyboard-response","383","694521","0.0-18.0-3.95","","bdp_trlrn","Mon Nov 08 2021 23:25:18 GMT-0500 (Eastern Standard Time)","760155","Untrustworthy,Trustworthy","","null","","","","feedback","","<div class='trialDiv'><img src='trustrating_stim/white_mw084.bmp'><br><font class='baseline'><strong>Joseph</strong><p>Received: <strong>16</strong></font> &nbsp; &nbsp; &nbsp; &nbsp; &nbsp; &nbsp;<font class='posOutcome'>Shared back: <strong>8</strong></font></font><div class='respPicDiv'><img src='img/responseButtonOffersNo0_wht.png' class='respPic'></div></div>","null","24","Joseph","trustrating_stim/white_mw084.bmp","Shared","0.8,0.4","11","0.8","499","96"
"html-keyboard-response","384","694730","0.0-18.0-1.96","","bdp_trlrn","Mon Nov 08 2021 23:25:18 GMT-0500 (Eastern Standard Time)","760155","Untrustworthy,Trustworthy","","208","","","","decision","","<div class='trialDiv'><img src='trustrating_stim/white_00785_941205_fb_edt.bmp'><br><font class='baseline'><strong>Brian</strong><p>Choose number of points to send.</font><div class='respPicDiv'><img src='img/responseButtonOffersNo0L.png' class='respPic'></div></div>","2","25","Brian","trustrating_stim/white_00785_941205_fb_edt.bmp","Kept","0.2,0.6","14","0.2","504","97"
"html-keyboard-response","385","694984","0.0-18.0-2.96","","bdp_trlrn","Mon Nov 08 2021 23:25:18 GMT-0500 (Eastern Standard Time)","760155","Untrustworthy,Trustworthy","","null","","","","decisionFB","","<div class='trialDiv'><img src='trustrating_stim/white_00785_941205_fb_edt.bmp'><br><font class='baseline'><strong>Brian</strong><p>Choose number of points to send.</font><div class='respPicDiv'><img src='img/responseButtonOffersNo0L2.png' class='respPic'></div></div>","null","25","Brian","trustrating_stim/white_00785_941205_fb_edt.bmp","Kept","0.2,0.6","14","0.2","502","97"
"html-keyboard-response","386","695987","0.0-18.0-3.96","","bdp_trlrn","Mon Nov 08 2021 23:25:18 GMT-0500 (Eastern Standard Time)","760155","Untrustworthy,Trustworthy","","null","","","","feedback","","<div class='trialDiv'><img src='trustrating_stim/white_00785_941205_fb_edt.bmp'><br><font class='baseline'><strong>Brian</strong><p>Received: <strong>8</strong></font> &nbsp; &nbsp; &nbsp; &nbsp; &nbsp; &nbsp;<font class='negOutcome'>Shared back: <strong>0</strong></font></font><div class='respPicDiv'><img src='img/responseButtonOffersNo0_wht.png' class='respPic'></div></div>","null","25","Brian","trustrating_stim/white_00785_941205_fb_edt.bmp","Kept","0.2,0.6","14","0.2","502","97"
"html-keyboard-response","387","696277","0.0-18.0-1.97","","bdp_trlrn","Mon Nov 08 2021 23:25:18 GMT-0500 (Eastern Standard Time)","760155","Untrustworthy,Trustworthy","","288","","","","decision","","<div class='trialDiv'><img src='trustrating_stim/white_mw035.bmp'><br><font class='baseline'><strong>Nathan</strong><p>Choose number of points to send.</font><div class='respPicDiv'><img src='img/responseButtonOffersNo0L.png' class='respPic'></div></div>","3","25","Nathan","trustrating_stim/white_mw035.bmp","Kept","0.6,0.2","12","0.6","507","98"
"html-keyboard-response","388","696531","0.0-18.0-2.97","","bdp_trlrn","Mon Nov 08 2021 23:25:18 GMT-0500 (Eastern Standard Time)","760155","Untrustworthy,Trustworthy","","null","","","","decisionFB","","<div class='trialDiv'><img src='trustrating_stim/white_mw035.bmp'><br><font class='baseline'><strong>Nathan</strong><p>Choose number of points to send.</font><div class='respPicDiv'><img src='img/responseButtonOffersNo0L3.png' class='respPic'></div></div>","null","25","Nathan","trustrating_stim/white_mw035.bmp","Kept","0.6,0.2","12","0.6","504","98"
"html-keyboard-response","389","697533","0.0-18.0-3.97","","bdp_trlrn","Mon Nov 08 2021 23:25:18 GMT-0500 (Eastern Standard Time)","760155","Untrustworthy,Trustworthy","","null","","","","feedback","","<div class='trialDiv'><img src='trustrating_stim/white_mw035.bmp'><br><font class='baseline'><strong>Nathan</strong><p>Received: <strong>12</strong></font> &nbsp; &nbsp; &nbsp; &nbsp; &nbsp; &nbsp;<font class='negOutcome'>Shared back: <strong>0</strong></font></font><div class='respPicDiv'><img src='img/responseButtonOffersNo0_wht.png' class='respPic'></div></div>","null","25","Nathan","trustrating_stim/white_mw035.bmp","Kept","0.6,0.2","12","0.6","504","98"
"html-keyboard-response","390","697809","0.0-18.0-1.98","","bdp_trlrn","Mon Nov 08 2021 23:25:18 GMT-0500 (Eastern Standard Time)","760155","Untrustworthy,Trustworthy","","275","","","","decision","","<div class='trialDiv'><img src='trustrating_stim/white_mw084.bmp'><br><font class='baseline'><strong>Joseph</strong><p>Choose number of points to send.</font><div class='respPicDiv'><img src='img/responseButtonOffersNo0L.png' class='respPic'></div></div>","4","25","Joseph","trustrating_stim/white_mw084.bmp","Shared","0.8,0.4","11","0.8","509","99"
"html-keyboard-response","391","698060","0.0-18.0-2.98","","bdp_trlrn","Mon Nov 08 2021 23:25:18 GMT-0500 (Eastern Standard Time)","760155","Untrustworthy,Trustworthy","","null","","","","decisionFB","","<div class='trialDiv'><img src='trustrating_stim/white_mw084.bmp'><br><font class='baseline'><strong>Joseph</strong><p>Choose number of points to send.</font><div class='respPicDiv'><img src='img/responseButtonOffersNo0L4.png' class='respPic'></div></div>","null","25","Joseph","trustrating_stim/white_mw084.bmp","Shared","0.8,0.4","11","0.8","505","99"
"html-keyboard-response","392","699062","0.0-18.0-3.98","","bdp_trlrn","Mon Nov 08 2021 23:25:18 GMT-0500 (Eastern Standard Time)","760155","Untrustworthy,Trustworthy","","null","","","","feedback","","<div class='trialDiv'><img src='trustrating_stim/white_mw084.bmp'><br><font class='baseline'><strong>Joseph</strong><p>Received: <strong>16</strong></font> &nbsp; &nbsp; &nbsp; &nbsp; &nbsp; &nbsp;<font class='posOutcome'>Shared back: <strong>8</strong></font></font><div class='respPicDiv'><img src='img/responseButtonOffersNo0_wht.png' class='respPic'></div></div>","null","25","Joseph","trustrating_stim/white_mw084.bmp","Shared","0.8,0.4","11","0.8","513","99"
"html-keyboard-response","393","699291","0.0-18.0-1.99","","bdp_trlrn","Mon Nov 08 2021 23:25:18 GMT-0500 (Eastern Standard Time)","760155","Untrustworthy,Trustworthy","","228","","","","decision","","<div class='trialDiv'><img src='trustrating_stim/white_mw089.bmp'><br><font class='baseline'><strong>Chris</strong><p>Choose number of points to send.</font><div class='respPicDiv'><img src='img/responseButtonOffersNo0L.png' class='respPic'></div></div>","1","25","Chris","trustrating_stim/white_mw089.bmp","Shared","0.4,0.8","14","0.4","518","100"
"html-keyboard-response","394","699544","0.0-18.0-2.99","","bdp_trlrn","Mon Nov 08 2021 23:25:18 GMT-0500 (Eastern Standard Time)","760155","Untrustworthy,Trustworthy","","null","","","","decisionFB","","<div class='trialDiv'><img src='trustrating_stim/white_mw089.bmp'><br><font class='baseline'><strong>Chris</strong><p>Choose number of points to send.</font><div class='respPicDiv'><img src='img/responseButtonOffersNo0L1.png' class='respPic'></div></div>","null","25","Chris","trustrating_stim/white_mw089.bmp","Shared","0.4,0.8","14","0.4","517","100"
"html-keyboard-response","395","700549","0.0-18.0-3.99","","bdp_trlrn","Mon Nov 08 2021 23:25:18 GMT-0500 (Eastern Standard Time)","760155","Untrustworthy,Trustworthy","","null","","","","feedback","","<div class='trialDiv'><img src='trustrating_stim/white_mw089.bmp'><br><font class='baseline'><strong>Chris</strong><p>Received: <strong>4</strong></font> &nbsp; &nbsp; &nbsp; &nbsp; &nbsp; &nbsp;<font class='posOutcome'>Shared back: <strong>2</strong></font></font><div class='respPicDiv'><img src='img/responseButtonOffersNo0_wht.png' class='respPic'></div></div>","null","25","Chris","trustrating_stim/white_mw089.bmp","Shared","0.4,0.8","14","0.4","519","100"
"html-keyboard-response","396","700868","0.0-18.0-1.100","","bdp_trlrn","Mon Nov 08 2021 23:25:18 GMT-0500 (Eastern Standard Time)","760155","Untrustworthy,Trustworthy","","316","","","","decision","","<div class='trialDiv'><img src='trustrating_stim/white_mw035.bmp'><br><font class='baseline'><strong>Nathan</strong><p>Choose number of points to send.</font><div class='respPicDiv'><img src='img/responseButtonOffersNo0L.png' class='respPic'></div></div>","4","26","Nathan","trustrating_stim/white_mw035.bmp","Kept","0.6,0.2","12","0.6","524","101"
"html-keyboard-response","397","701120","0.0-18.0-2.100","","bdp_trlrn","Mon Nov 08 2021 23:25:18 GMT-0500 (Eastern Standard Time)","760155","Untrustworthy,Trustworthy","","null","","","","decisionFB","","<div class='trialDiv'><img src='trustrating_stim/white_mw035.bmp'><br><font class='baseline'><strong>Nathan</strong><p>Choose number of points to send.</font><div class='respPicDiv'><img src='img/responseButtonOffersNo0L4.png' class='respPic'></div></div>","null","26","Nathan","trustrating_stim/white_mw035.bmp","Kept","0.6,0.2","12","0.6","520","101"
"html-keyboard-response","398","702122","0.0-18.0-3.100","","bdp_trlrn","Mon Nov 08 2021 23:25:18 GMT-0500 (Eastern Standard Time)","760155","Untrustworthy,Trustworthy","","null","","","","feedback","","<div class='trialDiv'><img src='trustrating_stim/white_mw035.bmp'><br><font class='baseline'><strong>Nathan</strong><p>Received: <strong>16</strong></font> &nbsp; &nbsp; &nbsp; &nbsp; &nbsp; &nbsp;<font class='negOutcome'>Shared back: <strong>0</strong></font></font><div class='respPicDiv'><img src='img/responseButtonOffersNo0_wht.png' class='respPic'></div></div>","null","26","Nathan","trustrating_stim/white_mw035.bmp","Kept","0.6,0.2","12","0.6","520","101"
"html-keyboard-response","399","702278","0.0-18.0-1.101","","bdp_trlrn","Mon Nov 08 2021 23:25:18 GMT-0500 (Eastern Standard Time)","760155","Untrustworthy,Trustworthy","","154","","","","decision","","<div class='trialDiv'><img src='trustrating_stim/white_00785_941205_fb_edt.bmp'><br><font class='baseline'><strong>Brian</strong><p>Choose number of points to send.</font><div class='respPicDiv'><img src='img/responseButtonOffersNo0L.png' class='respPic'></div></div>","2","26","Brian","trustrating_stim/white_00785_941205_fb_edt.bmp","Shared","0.2,0.6","14","0.2","525","102"
"html-keyboard-response","400","702532","0.0-18.0-2.101","","bdp_trlrn","Mon Nov 08 2021 23:25:18 GMT-0500 (Eastern Standard Time)","760155","Untrustworthy,Trustworthy","","null","","","","decisionFB","","<div class='trialDiv'><img src='trustrating_stim/white_00785_941205_fb_edt.bmp'><br><font class='baseline'><strong>Brian</strong><p>Choose number of points to send.</font><div class='respPicDiv'><img src='img/responseButtonOffersNo0L2.png' class='respPic'></div></div>","null","26","Brian","trustrating_stim/white_00785_941205_fb_edt.bmp","Shared","0.2,0.6","14","0.2","523","102"
"html-keyboard-response","401","703534","0.0-18.0-3.101","","bdp_trlrn","Mon Nov 08 2021 23:25:18 GMT-0500 (Eastern Standard Time)","760155","Untrustworthy,Trustworthy","","null","","","","feedback","","<div class='trialDiv'><img src='trustrating_stim/white_00785_941205_fb_edt.bmp'><br><font class='baseline'><strong>Brian</strong><p>Received: <strong>8</strong></font> &nbsp; &nbsp; &nbsp; &nbsp; &nbsp; &nbsp;<font class='posOutcome'>Shared back: <strong>4</strong></font></font><div class='respPicDiv'><img src='img/responseButtonOffersNo0_wht.png' class='respPic'></div></div>","null","26","Brian","trustrating_stim/white_00785_941205_fb_edt.bmp","Shared","0.2,0.6","14","0.2","527","102"
"html-keyboard-response","402","703790","0.0-18.0-1.102","","bdp_trlrn","Mon Nov 08 2021 23:25:18 GMT-0500 (Eastern Standard Time)","760155","Untrustworthy,Trustworthy","","253","","","","decision","","<div class='trialDiv'><img src='trustrating_stim/white_mw089.bmp'><br><font class='baseline'><strong>Chris</strong><p>Choose number of points to send.</font><div class='respPicDiv'><img src='img/responseButtonOffersNo0L.png' class='respPic'></div></div>","3","26","Chris","trustrating_stim/white_mw089.bmp","Shared","0.4,0.8","14","0.4","532","103"
"html-keyboard-response","403","704046","0.0-18.0-2.102","","bdp_trlrn","Mon Nov 08 2021 23:25:18 GMT-0500 (Eastern Standard Time)","760155","Untrustworthy,Trustworthy","","null","","","","decisionFB","","<div class='trialDiv'><img src='trustrating_stim/white_mw089.bmp'><br><font class='baseline'><strong>Chris</strong><p>Choose number of points to send.</font><div class='respPicDiv'><img src='img/responseButtonOffersNo0L3.png' class='respPic'></div></div>","null","26","Chris","trustrating_stim/white_mw089.bmp","Shared","0.4,0.8","14","0.4","529","103"
"html-keyboard-response","404","705048","0.0-18.0-3.102","","bdp_trlrn","Mon Nov 08 2021 23:25:18 GMT-0500 (Eastern Standard Time)","760155","Untrustworthy,Trustworthy","","null","","","","feedback","","<div class='trialDiv'><img src='trustrating_stim/white_mw089.bmp'><br><font class='baseline'><strong>Chris</strong><p>Received: <strong>12</strong></font> &nbsp; &nbsp; &nbsp; &nbsp; &nbsp; &nbsp;<font class='posOutcome'>Shared back: <strong>6</strong></font></font><div class='respPicDiv'><img src='img/responseButtonOffersNo0_wht.png' class='respPic'></div></div>","null","26","Chris","trustrating_stim/white_mw089.bmp","Shared","0.4,0.8","14","0.4","535","103"
"html-keyboard-response","405","705609","0.0-18.0-1.103","","bdp_trlrn","Mon Nov 08 2021 23:25:18 GMT-0500 (Eastern Standard Time)","760155","Untrustworthy,Trustworthy","","559","","","","decision","","<div class='trialDiv'><img src='trustrating_stim/white_mw084.bmp'><br><font class='baseline'><strong>Joseph</strong><p>Choose number of points to send.</font><div class='respPicDiv'><img src='img/responseButtonOffersNo0L.png' class='respPic'></div></div>","1","26","Joseph","trustrating_stim/white_mw084.bmp","Shared","0.8,0.4","11","0.8","540","104"
"html-keyboard-response","406","705863","0.0-18.0-2.103","","bdp_trlrn","Mon Nov 08 2021 23:25:18 GMT-0500 (Eastern Standard Time)","760155","Untrustworthy,Trustworthy","","null","","","","decisionFB","","<div class='trialDiv'><img src='trustrating_stim/white_mw084.bmp'><br><font class='baseline'><strong>Joseph</strong><p>Choose number of points to send.</font><div class='respPicDiv'><img src='img/responseButtonOffersNo0L1.png' class='respPic'></div></div>","null","26","Joseph","trustrating_stim/white_mw084.bmp","Shared","0.8,0.4","11","0.8","539","104"
"html-keyboard-response","407","706866","0.0-18.0-3.103","","bdp_trlrn","Mon Nov 08 2021 23:25:18 GMT-0500 (Eastern Standard Time)","760155","Untrustworthy,Trustworthy","","null","","","","feedback","","<div class='trialDiv'><img src='trustrating_stim/white_mw084.bmp'><br><font class='baseline'><strong>Joseph</strong><p>Received: <strong>4</strong></font> &nbsp; &nbsp; &nbsp; &nbsp; &nbsp; &nbsp;<font class='posOutcome'>Shared back: <strong>2</strong></font></font><div class='respPicDiv'><img src='img/responseButtonOffersNo0_wht.png' class='respPic'></div></div>","null","26","Joseph","trustrating_stim/white_mw084.bmp","Shared","0.8,0.4","11","0.8","541","104"
"instructions","408","738470","0.0-19.0","","bdp_trlrn","Mon Nov 08 2021 23:25:18 GMT-0500 (Eastern Standard Time)","760155","Untrustworthy,Trustworthy","[{""page_index"":0,""viewing_time"":12424},{""page_index"":1,""viewing_time"":15872},{""page_index"":2,""viewing_time"":3307}]","31603","","","","","","","","","","","","","","","",""
"image-keyboard-response","409","742803","0.0-20.0-1.0","","bdp_trlrn","Mon Nov 08 2021 23:25:18 GMT-0500 (Eastern Standard Time)","760155","Untrustworthy,Trustworthy","","4331","","","","final_rating","","trustrating_stim/white_mw099.bmp","4","","","","","","","","",""
"image-keyboard-response","410","743008","0.0-20.0-2.0","","bdp_trlrn","Mon Nov 08 2021 23:25:18 GMT-0500 (Eastern Standard Time)","760155","Untrustworthy,Trustworthy","","null","","","","final_ratingFB","","trustrating_stim/white_mw099.bmp","null","","","","","","","","",""
"image-keyboard-response","411","744503","0.0-20.0-1.1","","bdp_trlrn","Mon Nov 08 2021 23:25:18 GMT-0500 (Eastern Standard Time)","760155","Untrustworthy,Trustworthy","","1393","","","","final_rating","","trustrating_stim/white_mw071.bmp","9","","","","","","","","",""
"image-keyboard-response","412","744707","0.0-20.0-2.1","","bdp_trlrn","Mon Nov 08 2021 23:25:18 GMT-0500 (Eastern Standard Time)","760155","Untrustworthy,Trustworthy","","null","","","","final_ratingFB","","trustrating_stim/white_mw071.bmp","null","","","","","","","","",""
"image-keyboard-response","413","747454","0.0-20.0-1.2","","bdp_trlrn","Mon Nov 08 2021 23:25:18 GMT-0500 (Eastern Standard Time)","760155","Untrustworthy,Trustworthy","","2641","","","","final_rating","","trustrating_stim/white_00761_941201_fb_edt.bmp","6","","","","","","","","",""
"image-keyboard-response","414","747659","0.0-20.0-2.2","","bdp_trlrn","Mon Nov 08 2021 23:25:18 GMT-0500 (Eastern Standard Time)","760155","Untrustworthy,Trustworthy","","null","","","","final_ratingFB","","trustrating_stim/white_00761_941201_fb_edt.bmp","null","","","","","","","","",""
"image-keyboard-response","415","750859","0.0-20.0-1.3","","bdp_trlrn","Mon Nov 08 2021 23:25:18 GMT-0500 (Eastern Standard Time)","760155","Untrustworthy,Trustworthy","","3098","","","","final_rating","","trustrating_stim/white_mw046.bmp","6","","","","","","","","",""
"image-keyboard-response","416","751062","0.0-20.0-2.3","","bdp_trlrn","Mon Nov 08 2021 23:25:18 GMT-0500 (Eastern Standard Time)","760155","Untrustworthy,Trustworthy","","null","","","","final_ratingFB","","trustrating_stim/white_mw046.bmp","null","","","","","","","","",""
"image-keyboard-response","417","753154","0.0-20.0-1.4","","bdp_trlrn","Mon Nov 08 2021 23:25:18 GMT-0500 (Eastern Standard Time)","760155","Untrustworthy,Trustworthy","","1990","","","","final_rating","","trustrating_stim/white_mw035.bmp","8","","","","","","","","",""
"image-keyboard-response","418","753360","0.0-20.0-2.4","","bdp_trlrn","Mon Nov 08 2021 23:25:18 GMT-0500 (Eastern Standard Time)","760155","Untrustworthy,Trustworthy","","null","","","","final_ratingFB","","trustrating_stim/white_mw035.bmp","null","","","","","","","","",""
"image-keyboard-response","419","755162","0.0-20.0-1.5","","bdp_trlrn","Mon Nov 08 2021 23:25:18 GMT-0500 (Eastern Standard Time)","760155","Untrustworthy,Trustworthy","","1700","","","","final_rating","","trustrating_stim/white_mw084.bmp","4","","","","","","","","",""
"image-keyboard-response","420","755365","0.0-20.0-2.5","","bdp_trlrn","Mon Nov 08 2021 23:25:18 GMT-0500 (Eastern Standard Time)","760155","Untrustworthy,Trustworthy","","null","","","","final_ratingFB","","trustrating_stim/white_mw084.bmp","null","","","","","","","","",""
"image-keyboard-response","421","757192","0.0-20.0-1.6","","bdp_trlrn","Mon Nov 08 2021 23:25:18 GMT-0500 (Eastern Standard Time)","760155","Untrustworthy,Trustworthy","","1725","","","","final_rating","","trustrating_stim/white_mw089.bmp","4","","","","","","","","",""
"image-keyboard-response","422","757397","0.0-20.0-2.6","","bdp_trlrn","Mon Nov 08 2021 23:25:18 GMT-0500 (Eastern Standard Time)","760155","Untrustworthy,Trustworthy","","null","","","","final_ratingFB","","trustrating_stim/white_mw089.bmp","null","","","","","","","","",""
"image-keyboard-response","423","758839","0.0-20.0-1.7","","bdp_trlrn","Mon Nov 08 2021 23:25:18 GMT-0500 (Eastern Standard Time)","760155","Untrustworthy,Trustworthy","","1339","","","","final_rating","","trustrating_stim/white_00785_941205_fb_edt.bmp","1","","","","","","","","",""
"image-keyboard-response","424","759045","0.0-20.0-2.7","","bdp_trlrn","Mon Nov 08 2021 23:25:18 GMT-0500 (Eastern Standard Time)","760155","Untrustworthy,Trustworthy","","null","","","","final_ratingFB","","trustrating_stim/white_00785_941205_fb_edt.bmp","null","","","","","","","","",""
"","","","","","bdp_trlrn","Mon Nov 08 2021 23:25:18 GMT-0500 (Eastern Standard Time)","760155","Untrustworthy,Trustworthy","","","fullscreenexit","425","759179","fullscreenexit","","","","","","","","","","","",""
"fullscreen","425","760154","0.0-21.0","","bdp_trlrn","Mon Nov 08 2021 23:25:18 GMT-0500 (Eastern Standard Time)","760155","Untrustworthy,Trustworthy","","","","","","","true","","","","","","","","","","",""
"html-keyboard-response","426","760661","0.0-22.0","","","","","","","null","","","","","","","null","","","","","","","","",""
